0 20 0
1 20.05 -0.01817514635154458
2 20.1 -0.0362995452052423
3 20.15 -0.05437327313643806
4 20.2 -0.07239640642357414
5 20.25 -0.09036902104979701
6 20.3 -0.10829119270455644
7 20.35 -0.1261629967851886
8 20.4 -0.14398450839849483
9 20.45 -0.16175580236230078
10 20.5 -0.17947695320700877
11 20.55 -0.19714803517713794
12 20.6 -0.21476912223285702
13 20.65 -0.23234028805149637
14 20.7 -0.2498616060290611
15 20.75 -0.26733314928172597
16 20.8 -0.28475499064732085
17 20.85 -0.3021272026868083
18 20.9 -0.3194498576857456
19 20.95 -0.33672302765574375
20 21.0 -0.35394678433590704
21 21.05 -0.371121199194272
22 21.1 -0.3882463434292279
23 21.15 -0.40532228797093106
24 21.2 -0.42234910348271326
25 21.25 -0.43932686036247026
26 21.3 -0.45625562874405073
27 21.35 -0.4731354784986295
28 21.4 -0.48996647923607145
29 21.45 -0.5067487003062906
30 21.5 -0.5234822108005927
31 21.55 -0.5401670795530148
32 21.6 -0.5568033751416528
33 21.65 -0.573391165889978
34 21.7 -0.5899305198681486
35 21.75 -0.6064215048943098
36 21.8 -0.6228641885358828
37 21.85 -0.639258638110853
38 21.9 -0.655604920689038
39 21.95 -0.671903103093354
40 22.0 -0.6881532519010751
41 22.05 -0.7043554334450758
42 22.1 -0.7205097138150753
43 22.15 -0.7366161588588672
44 22.2 -0.7526748341835399
45 22.25 -0.7686858051566925
46 22.3 -0.7846491369076405
47 22.35 -0.8005648943286142
48 22.4 -0.8164331420759455
49 22.45 -0.8322539445712537
50 22.5 -0.8480273660026184
51 22.55 -0.8637534703257408
52 22.6 -0.8794323212651096
53 22.65 -0.8950639823151427
54 22.7 -0.9106485167413375
55 22.75 -0.926185987581401
56 22.8 -0.9416764576463782
57 22.85 -0.9571199895217741
58 22.9 -0.9725166455686624
59 22.95 -0.9878664879247953
60 23.0 -1.003169578505696
61 23.05 -1.0184259790057557
62 23.1 -1.0336357508993077
63 23.15 -1.0487989554417156
64 23.2 -1.0639156536704297
65 23.25 -1.078985906406059
66 23.3 -1.0940097742534234
67 23.35 -1.108987317602597
68 23.4 -1.1239185966299565
69 23.45 -1.1388036712992127
70 23.5 -1.1536426013624375
71 23.55 -1.1684354463610855
72 23.6 -1.1831822656270103
73 23.65 -1.1978831182834697
74 23.7 -1.2125380632461298
75 23.75 -1.2271471592240566
76 23.8 -1.2417104647207087
77 23.85 -1.2562280380349145
78 23.9 -1.2706999372618524
79 23.95 -1.2851262202940177
80 24.0 -1.2995069448221872
81 24.05 -1.3138421683363757
82 24.1 -1.3281319481267861
83 24.15 -1.3423763412847565
84 24.2 -1.3565754047036984
85 24.25 -1.3707291950800273
86 24.3 -1.3848377689140923
87 24.35 -1.398901182511097
88 24.4 -1.4129194919820136
89 24.45 -1.426892753244493
90 24.5 -1.4408210220237694
91 24.55 -1.4547043538535565
92 24.6 -1.4685428040769408
93 24.65 -1.4823364278472688
94 24.7 -1.496085280129027
95 24.75 -1.5097894156987193
96 24.8 -1.5234488891457354
97 24.85 -1.5370637548732171
98 24.9 -1.5506340670989152
99 24.95 -1.5641598798560465
100 25.0 -1.5776412469941405
101 25.05 -1.591078222179884
102 25.1 -1.6044708588979584
103 25.15 -1.6178192104518718
104 25.2 -1.6311233299647891
105 25.25 -1.6443832703803536
106 25.3 -1.6575990844635027
107 25.35 -1.670770824801284
108 25.4 -1.6838985438036604
109 25.45 -1.6969822937043135
110 25.5 -1.7100221265614408
111 25.55 -1.7230180942585496
112 25.6 -1.7359702485052437
113 25.65 -1.7488786408380084
114 25.7 -1.7617433226209849
115 25.75 -1.7745643450467492
116 25.8 -1.787341759137078
117 25.85 -1.800075615743712
118 25.9 -1.812765965549119
119 25.95 -1.8254128590672452
120 26.0 -1.8380163466442676
121 26.05 -1.8505764784593404
122 26.1 -1.8630933045253348
123 26.15 -1.8755668746895773
124 26.2 -1.8879972386345818
125 26.25 -1.9003844458787782
126 26.3 -1.9127285457772352
127 26.35 -1.9250295875223804
128 26.4 -1.9372876201447151
129 26.45 -1.949502692513526
130 26.5 -1.9616748533375914
131 26.55 -1.973804151165882
132 26.6 -1.9858906343882627
133 26.65 -1.9979343512361838
134 26.7 -2.009935349783372
135 26.75 -2.021893677946516
136 26.8 -2.0338093834859494
137 26.85 -2.045682514006327
138 26.9 -2.0575131169573
139 26.95 -2.0693012396341843
140 27.0 -2.0810469291786293
141 27.05 -2.092750232579277
142 27.1 -2.1044111966724204
143 27.15 -2.1160298681426615
144 27.2 -2.1276062935235567
145 27.25 -2.1391405191982673
146 27.3 -2.1506325914002002
147 27.35 -2.1620825562136474
148 27.4 -2.1734904595744227
149 27.45 -2.1848563472704923
150 27.5 -2.1961802649426043
151 27.55 -2.2074622580849113
152 27.6 -2.218702372045592
153 27.65 -2.22990065202747
154 27.7 -2.241057143088626
155 27.75 -2.252171890143006
156 27.8 -2.2632449379610344
157 27.85 -2.274276331170209
158 27.9 -2.285266114255707
159 27.95 -2.2962143315609795
160 28.0 -2.3071210272883427
161 28.05 -2.31798624549957
162 28.1 -2.3288100301164762
163 28.15 -2.339592424921502
164 28.2 -2.350333473558292
165 28.25 -2.361033219532272
166 28.3 -2.3716917062112213
167 28.35 -2.3823089768258425
168 28.4 -2.3928850744703287
169 28.45 -2.403420042102926
170 28.5 -2.413913922546494
171 28.55 -2.4243667584890614
172 28.6 -2.434778592484383
173 28.65 -2.445149466952487
174 28.7 -2.4554794241802256
175 28.75 -2.4657685063218158
176 28.8 -2.476016755399385
177 28.85 -2.486224213303507
178 28.9 -2.496390921793738
179 28.95 -2.50651692249915
180 29.0 -2.516602256918858
181 29.05 -2.5266469664225495
182 29.1 -2.5366510922510064
183 29.15 -2.5466146755166257
184 29.2 -2.556537757203938
185 29.25 -2.5664203781701223
186 29.3 -2.5762625791455185
187 29.35 -2.5860644007341356
188 29.4 -2.5958258834141597
189 29.45 -2.6055470675384567
190 29.5 -2.615227993335074
191 29.55 -2.624868700907738
192 29.6 -2.634469230236349
193 29.65 -2.6440296211774763
194 29.7 -2.6535499134648473
195 29.75 -2.6630301467098327
196 29.8 -2.6724703604019346
197 29.85 -2.6818705939092666
198 29.9 -2.6912308864790333
199 29.95 -2.7005512772380076
200 30.0 -2.7098318051930055
201 30.05 -2.7190725092313572
202 30.1 -2.728273428121376
203 30.15 -2.7374346005128256
204 30.2 -2.746556064937384
205 30.25 -2.755637859809106
206 30.3 -2.7646800234248787
207 30.35 -2.7736825939648835
208 30.4 -2.7826456094930467
209 30.45 -2.791569107957492
210 30.5 -2.8004531271909894
211 30.55 -2.8092977049114043
212 30.6 -2.8181028787221396
213 30.65 -2.8268686861125785
214 30.7 -2.8355951644585256
215 30.75 -2.8442823510226423
216 30.8 -2.8529302829548837
217 30.85 -2.8615389972929313
218 30.9 -2.870108530962621
219 30.95 -2.878638920778375
220 31.0 -2.887130203443626
221 31.05 -2.8955824155512406
222 31.1 -2.9039955935839417
223 31.15 -2.9123697739147274
224 31.2 -2.9207049928072877
225 31.25 -2.9290012864164194
226 31.3 -2.9372586907884393
227 31.35 -2.945477241861595
228 31.4 -2.953656975466473
229 31.45 -2.961797927326403
230 31.5 -2.9699001330578656
231 31.55 -2.977963628170891
232 31.6 -2.9859884480694623
233 31.65 -2.9939746280519093
234 31.7 -3.0019222033113078
235 31.75 -3.0098312089358705
236 31.8 -3.0177016799093406
237 31.85 -3.0255336511113806
238 31.9 -3.0333271573179603
239 31.95 -3.041082233201742
240 32.0 -3.0487989133324644
241 32.05 -3.0564772321773233
242 32.1 -3.064117224101353
243 32.15 -3.071718923367802
244 32.2 -3.0792823641385105
245 32.25 -3.0868075804742836
246 32.3 -3.0942946063352625
247 32.35 -3.1017434755812956
248 32.4 -3.109154221972305
249 32.45 -3.1165268791686556
250 32.5 -3.1238614807315153
251 32.55 -3.1311580601232216
252 32.6 -3.13841665070764
253 32.65 -3.1456372857505235
254 32.7 -3.152819998419868
255 32.75 -3.1599648217862715
256 32.8 -3.167071788823282
257 32.85 -3.1741409324077536
258 32.9 -3.1811722853201934
259 32.95 -3.1881658802451116
260 33.0 -3.195121749771366
261 33.05 -3.202039926392509
262 33.1 -3.2089204425071265
263 33.15 -3.215763330419183
264 33.2 -3.222568622338358
265 33.25 -3.229336350380386
266 33.3 -3.23606654656739
267 33.35 -3.242759242828218
268 33.4 -3.249414470998774
269 33.45 -3.25603226282235
270 33.5 -3.2626126499499546
271 33.55 -3.2691556639406407
272 33.6 -3.2756613362618316
273 33.65 -3.2821296982896464
274 33.7 -3.288560781309221
275 33.75 -3.2949546165150294
276 33.8 -3.3013112350112057
277 33.85 -3.3076306678118588
278 33.9 -3.313912945841391
279 33.95 -3.3201580999348126
280 34.0 -3.326366160838054
281 34.05 -3.332537159208279
282 34.1 -3.338671125614193
283 34.15 -3.344768090536354
284 34.2 -3.350828084367479
285 34.25 -3.356851137412749
286 34.3 -3.3628372798901127
287 34.35 -3.3687865419305916
288 34.4 -3.374698953578578
289 34.45 -3.3805745447921374
290 34.5 -3.386413345443305
291 34.55 -3.3922153853183836
292 34.6 -3.3979806941182384
293 34.65 -3.403709301458591
294 34.7 -3.4094012368703117
295 34.75 -3.415056529799711
296 34.8 -3.4206752096088286
297 34.85 -3.426257305575722
298 34.9 -3.4318028468947546
299 34.95 -3.437311862676878
300 35.0 -3.4427843819499198
301 35.05 -3.448220433658863
302 35.1 -3.4536200466661304
303 35.15 -3.4589832497518618
304 35.2 -3.4643100716141944
305 35.25 -3.469600540869539
306 35.3 -3.4748546860528577
307 35.35 -3.480072535617936
308 35.4 -3.4852541179376586
309 35.45 -3.49039946130428
310 35.5 -3.4955085939296953
311 35.55 -3.50058154394571
312 35.6 -3.5056183394043083
313 35.65 -3.5106190082779194
314 35.7 -3.515583578459683
315 35.75 -3.520512077763715
316 35.8 -3.525404533925369
317 35.85 -3.5302609746014975
318 35.9 -3.535081427370715
319 35.95 -3.539865919733656
320 36.0 -3.544614479113233
321 36.05 -3.549327132854892
322 36.1 -3.5540039082268717
323 36.15 -3.558644832420455
324 36.2 -3.563249932550223
325 36.25 -3.5678192356543077
326 36.3 -3.5723527686946417
327 36.35 -3.5768505585572097
328 36.4 -3.5813126320522954
329 36.45 -3.5857390159147293
330 36.5 -3.5901297368041356
331 36.55 -3.5944848213051763
332 36.6 -3.598804295927796
333 36.65 -3.603088187107464
334 36.7 -3.607336521205416
335 36.75 -3.611549324508895
336 36.8 -3.6157266232313905
337 36.85 -3.6198684435128765
338 36.9 -3.623974811420049
339 36.95 -3.628045752946562
340 37.0 -3.632081294013263
341 37.05 -3.6360814604684255
342 37.1 -3.640046278087983
343 37.15 -3.643975772575761
344 37.2 -3.647869969563706
345 37.25 -3.651728894612116
346 37.3 -3.65555257320987
347 37.35 -3.6593410307746543
348 37.4 -3.6630942926531893
349 37.45 -3.6668123841214544
350 37.5 -3.670495330384913
351 37.55 -3.6741431565787357
352 37.6 -3.677755887768022
353 37.65 -3.6813335489480226
354 37.7 -3.6848761650443587
355 37.75 -3.6883837609132417
356 37.8 -3.6918563613416917
357 37.85 -3.6952939910477536
358 37.9 -3.6986966746807153
359 37.95 -3.702064436821321
360 38.0 -3.7053973019819866
361 38.05 -3.708695294607013
362 38.1 -3.711958439072798
363 38.15 -3.7151867596880486
364 38.2 -3.7183802806939896
365 38.25 -3.721539026264575
366 38.3 -3.724663020506695
367 38.35 -3.7277522874603854
368 38.4 -3.730806851099033
369 38.45 -3.73382673532958
370 38.5 -3.736811963992732
371 38.55 -3.7397625608631597
372 38.6 -3.7426785496497015
373 38.65 -3.745559953995567
374 38.7 -3.748406797478537
375 38.75 -3.7512191036111644
376 38.8 -3.7539968958409733
377 38.85 -3.756740197550657
378 38.9 -3.7594490320582756
379 38.95 -3.7621234226174542
380 39.0 -3.764763392417576
381 39.05 -3.767368964583979
382 39.1 -3.7699401621781505
383 39.15 -3.772477008197918
384 39.2 -3.774979525577644
385 39.25 -3.777447737188416
386 39.3 -3.7798816658382366
387 39.35 -3.782281334272215
388 39.4 -3.784646765172755
389 39.45 -3.786977981159742
390 39.5 -3.789275004790733
391 39.55 -3.7915378585611395
392 39.6 -3.793766564904416
393 39.65 -3.7959611461922425
394 39.7 -3.7981216247347107
395 39.75 -3.8002480227805053
396 39.8 -3.802340362517087
397 39.85 -3.804398666070874
398 39.9 -3.8064229555074225
399 39.95 -3.8084132528316075
400 40.0 -3.810369579987801
401 40.05 -3.81229195886005
402 40.1 -3.8141804112722553
403 40.15 -3.8160349589883475
404 40.2 -3.8178556237124632
405 40.25 -3.81964242708912
406 40.3 -3.8213953907033913
407 40.35 -3.82311453608108
408 40.4 -3.824799884688891
409 40.45 -3.8264514579346045
410 40.5 -3.8280692771672453
411 40.55 -3.8296533636772563
412 40.6 -3.8312037386966664
413 40.65 -3.8327204233992602
414 40.7 -3.834203438900747
415 40.75 -3.8356528062589277
416 40.8 -3.837068546473863
417 40.85 -3.8384506804880387
418 40.9 -3.8397992291865317
419 40.95 -3.8411142133971743
420 41.0 -3.8423956538907196
421 41.05 -3.8436435713810035
422 41.1 -3.8448579865251085
423 41.15 -3.8460389199235245
424 41.2 -3.8471863921203124
425 41.25 -3.8483004236032623
426 41.3 -3.8493810348040545
427 41.35 -3.8504282460984194
428 41.4 -3.8514420778062943
429 41.45 -3.8524225501919838
430 41.5 -3.8533696834643143
431 41.55 -3.854283497776793
432 41.6 -3.855164013227761
433 41.65 -3.8560112498605523
434 41.7 -3.856825227663645
435 41.75 -3.8576059665708162
436 41.8 -3.858353486461296
437 41.85 -3.859067807159919
438 41.9 -3.859748948437277
439 41.95 -3.86039693000987
440 42.0 -3.8610117715402574
441 42.05 -3.861593492637206
442 42.1 -3.8621421128558424
443 42.15 -3.8626576516977984
444 42.2 -3.863140128611362
445 42.25 -3.8635895629916237
446 42.3 -3.8640059741806225
447 42.35 -3.8643893814674932
448 42.4 -3.8647398040886123
449 42.45 -3.8650572612277414
450 42.5 -3.865341772016173
451 42.55 -3.8655933555328743
452 42.6 -3.8658120308046287
453 42.65 -3.8659978168061806
454 42.7 -3.8661507324603757
455 42.75 -3.8662707966383025
456 42.8 -3.8663580281594347
457 42.85 -3.8664124457917692
458 42.9 -3.8664340682519662
459 42.95 -3.8664229142054896
460 43.0 -3.866379002266744
461 43.05 -3.8663023509992125
462 43.1 -3.8661929789155947
463 43.15 -3.866050904477943
464 43.2 -3.8658761460977993
465 43.25 -3.8656687221363284
466 43.3 -3.865428650904456
467 43.35 -3.8651559506630013
468 43.4 -3.864850639622811
469 43.45 -3.864512735944892
470 43.5 -3.8641422577405464
471 43.55 -3.8637392230715015
472 43.6 -3.8633036499500415
473 43.65 -3.8628355563391397
474 43.7 -3.8623349601525887
475 43.75 -3.86180187925513
476 43.8 -3.861236331462583
477 43.85 -3.860638334541976
478 43.9 -3.860007906211672
479 43.95 -3.8593450641414977
480 44.0 -3.858649825952871
481 44.05 -3.8579222092189283
482 44.1 -3.8571622314646485
483 44.15 -3.856369910166982
484 44.2 -3.8555452627549736
485 44.25 -3.854688306609887
486 44.3 -3.8537990590653313
487 44.35 -3.852877537407382
488 44.4 -3.8519237588747064
489 44.45 -3.850937740658685
490 44.5 -3.849919499903534
491 44.55 -3.848869053706426
492 44.6 -3.8477864191176137
493 44.65 -3.8466716131405474
494 44.7 -3.845524652731998
495 44.75 -3.8443455548021745
496 44.8 -3.8431343362148445
497 44.85 -3.8418910137874525
498 44.9 -3.8406156042912376
499 44.95 -3.8393081244513527
500 45.0 -3.83796859094698
501 45.05 -3.836597020411449
502 45.1 -3.8351934294323513
503 45.15 -3.833757834551659
504 45.2 -3.8322902522658384
505 45.25 -3.8307906990259637
506 45.3 -3.829259191237833
507 45.35 -3.827695745262083
508 45.4 -3.8261003774143005
509 45.45 -3.824473103965137
510 45.5 -3.8228139411404203
511 45.55 -3.8211229051212663
512 45.6 -3.8194000120441918
513 45.65 -3.8176452780012253
514 45.7 -3.8158587190400173
515 45.75 -3.814040351163951
516 45.8 -3.8121901903322524
517 45.85 -3.8103082524600986
518 45.9 -3.808394553418728
519 45.95 -3.806449109035548
520 46.0 -3.8044719350942433
521 46.05 -3.8024630473348844
522 46.1 -3.8004224614540334
523 46.15 -3.7983501931048513
524 46.2 -3.796246257897205
525 46.25 -3.794110671397772
526 46.3 -3.791943449130147
527 46.35 -3.789744606574947
528 46.4 -3.7875141591699144
529 46.45 -3.7852521223100233
530 46.5 -3.782958511347582
531 46.55 -3.780633341592336
532 46.6 -3.778276628311573
533 46.65 -3.775888386730223
534 46.7 -3.7734686320309625
535 46.75 -3.7710173793543142
536 46.8 -3.76853464379875
537 46.85 -3.766020440420792
538 46.9 -3.763474784235111
539 46.95 -3.7608976902146294
540 47.0 -3.7582891732906183
541 47.05 -3.755649248352799
542 47.1 -3.75297793024944
543 47.15 -3.7502752337874576
544 47.2 -3.7475411737325124
545 47.25 -3.744775764809107
546 47.3 -3.7419790217006845
547 47.35 -3.739150959049725
548 47.4 -3.7362915914578414
549 47.45 -3.7334009334858766
550 47.5 -3.730478999653999
551 47.55 -3.7275258044417976
552 47.6 -3.7245413622883774
553 47.65 -3.721525687592454
554 47.7 -3.7184787947124476
555 47.75 -3.715400697966578
556 47.8 -3.7122914116329566
557 47.85 -3.70915094994968
558 47.9 -3.7059793271149237
559 47.95 -3.702776557287034
560 48.0 -3.6995426545846195
561 48.05 -3.6962776330866434
562 48.1 -3.692981506832515
563 48.15 -3.6896542898221805
564 48.2 -3.686295996016213
565 48.25 -3.6829066393359033
566 48.3 -3.6794862336633507
567 48.35 -3.6760347928415507
568 48.4 -3.6725523306744856
569 48.45 -3.6690388609272127
570 48.5 -3.665494397325953
571 48.55 -3.6619189535581786
572 48.6 -3.658312543272703
573 48.65 -3.6546751800797646
574 48.7 -3.6510068775511173
575 48.75 -3.647307649220116
576 48.8 -3.6435775085818016
577 48.85 -3.63981646909299
578 48.9 -3.6360245441723547
579 48.95 -3.6322017472005146
580 49.0 -3.6283480915201185
581 49.05 -3.6244635904359286
582 49.1 -3.620548257214906
583 49.15 -3.6166021050862955
584 49.2 -3.612625147241707
585 49.25 -3.608617396835201
586 49.3 -3.604578866983371
587 49.35 -3.600509570765426
588 49.4 -3.596409521223274
589 49.45 -3.592278731361602
590 49.5 -3.588117214147959
591 49.55 -3.5839249825128383
592 49.6 -3.5797020493497578
593 49.65 -3.57544842751534
594 49.7 -3.571164129829395
595 49.75 -3.5668491690749966
596 49.8 -3.5625035579985664
597 49.85 -3.5581273093099512
598 49.9 -3.553720435682502
599 49.95 -3.549282949753154
600 50.0 -3.5448148641225052
601 50.05 -3.540316191354893
602 50.1 -3.5357869439784753
603 50.15 -3.531227134485305
604 50.2 -3.526636775331409
605 50.25 -3.522015878936866
606 50.3 -3.517364457685882
607 50.35 -3.512682523926866
608 50.4 -3.50797008997251
609 50.45 -3.50322716809986
610 50.5 -3.498453770550395
611 50.55 -3.4936499095301015
612 50.6 -3.4888155972095474
613 50.65 -3.4839508457239585
614 50.7 -3.479055667173292
615 50.75 -3.47413007362231
616 50.8 -3.4691740771006554
617 50.85 -3.4641876896029227
618 50.9 -3.4591709230887333
619 50.95 -3.454123789482808
620 51.0 -3.44904630067504
621 51.05 -3.4439384685205665
622 51.1 -3.4388003048398414
623 51.15 -3.4336318214187074
624 51.2 -3.4284330300084664
625 51.25 -3.423203942325953
626 51.3 -3.417944570053603
627 51.35 -3.412654924839526
628 51.4 -3.4073350182975757
629 51.45 -3.401984862007419
630 51.5 -3.3966044675146065
631 51.55 -3.391193846330643
632 51.6 -3.385753009933055
633 51.65 -3.3802819697654627
634 51.7 -3.374780737237645
635 51.75 -3.369249323725612
636 51.8 -3.3636877405716703
637 51.85 -3.3580959990844934
638 51.9 -3.3524741105391875
639 51.95 -3.34682208617736
640 52.0 -3.341139937207187
641 52.05 -3.3354276748034803
642 52.1 -3.329685310107753
643 52.15 -3.3239128542282863
644 52.2 -3.3181103182401976
645 52.25 -3.312277713185505
646 52.3 -3.3064150500731913
647 52.35 -3.3005223398792736
648 52.4 -3.2945995935468644
649 52.45 -3.288646821986239
650 52.5 -3.282664036074899
651 52.55 -3.276651246657638
652 52.6 -3.2706084645466045
653 52.65 -3.264535700521366
654 52.7 -3.258432965328974
655 52.75 -3.2523002696840257
656 52.8 -3.246137624268728
657 52.85 -3.239945039732961
658 52.9 -3.23372252669434
659 52.95 -3.227470095738278
660 53.0 -3.221187757418048
661 53.05 -3.214875522254845
662 53.1 -3.208533400737848
663 53.15 -3.2021614033242813
664 53.2 -3.1957595404394756
665 53.25 -3.1893278224769297
666 53.3 -3.18286625979837
667 53.35 -3.1763748627338124
668 53.4 -3.1698536415816214
669 53.45 -3.1633026066085717
670 53.5 -3.156721768049907
671 53.55 -3.150111136109399
672 53.6 -3.1434707209594093
673 53.65 -3.1368005327409447
674 53.7 -3.1301005815637195
675 53.75 -3.123370877506213
676 53.8 -3.116611430615728
677 53.85 -3.1098222509084494
678 53.9 -3.1030033483695
679 53.95 -3.096154732953002
680 54.0 -3.0892764145821316
681 54.05 -3.0823684031491783
682 54.1 -3.0754307085156003
683 54.15 -3.0684633405120825
684 54.2 -3.061466308938593
685 54.25 -3.05443962356444
686 54.3 -3.0473832941283265
687 54.35 -3.040297330338408
688 54.4 -3.033181741872347
689 54.45 -3.0260365383773693
690 54.5 -3.01886172947032
691 54.55 -3.011657324737718
692 54.6 -3.0044233337358097
693 54.65 -2.997159765990625
694 54.7 -2.9898666309980326
695 54.75 -2.982543938223793
696 54.8 -2.9751916971036128
697 54.85 -2.967809917043199
698 54.9 -2.9603986074183117
699 54.95 -2.9529577775748193
700 55.0 -2.9454874368287496
701 55.05 -2.9379875944663447
702 55.1 -2.9304582597441127
703 55.15 -2.9228994418888803
704 55.2 -2.915311150097847
705 55.25 -2.9076933935386347
706 55.3 -2.9000461813493406
707 55.35 -2.8923695226385906
708 55.4 -2.884663426485589
709 55.45 -2.8769279019401703
710 55.5 -2.869162958022851
711 55.55 -2.86136860372488
712 55.6 -2.8535448480082892
713 55.65 -2.8456916998059456
714 55.7 -2.8378091680215998
715 55.75 -2.8298972615299376
716 55.8 -2.821955989176629
717 55.85 -2.813985359778379
718 55.9 -2.8059853821229757
719 55.95 -2.797956064969342
720 56.0 -2.7898974170475825
721 56.05 -2.781809447059034
722 56.1 -2.773692163676314
723 56.15 -2.765545575543369
724 56.2 -2.7573696912755237
725 56.25 -2.7491645194595278
726 56.3 -2.740930068653607
727 56.35 -2.732666347387507
728 56.4 -2.724373364162543
729 56.45 -2.7160511274516494
730 56.5 -2.707699645699424
731 56.55 -2.6993189273221754
732 56.6 -2.6909089807079725
733 56.65 -2.682469814216688
734 56.7 -2.674001436180048
735 56.75 -2.6655038549016754
736 56.8 -2.656977078657139
737 56.85 -2.6484211156939974
738 56.9 -2.639835974231846
739 56.95 -2.6312216624623623
740 57.0 -2.622578188549352
741 57.05 -2.6139055606287918
742 57.1 -2.6052037868088784
743 57.15 -2.596472875170071
744 57.2 -2.5877128337651363
745 57.25 -2.5789236706191936
746 57.3 -2.570105393729759
747 57.35 -2.561258011066789
748 57.4 -2.552381530572726
749 57.45 -2.5434759601625414
750 57.5 -2.534541307723779
751 57.55 -2.525577581116598
752 57.6 -2.516584788173818
753 57.65 -2.507562936700962
754 57.7 -2.498512034476298
755 57.75 -2.4894320892508834
756 57.8 -2.480323108748606
757 57.85 -2.4711851006662284
758 57.9 -2.4620180726734273
759 57.95 -2.4528220324128407
760 58.0 -2.443596987500105
761 58.05 -2.4343429455238996
762 58.1 -2.4250599140459874
763 58.15 -2.4157479006012568
764 58.2 -2.406406912697763
765 58.25 -2.397036957816769
766 58.3 -2.3876380434127853
767 58.35 -2.3782101769136146
768 58.4 -2.3687533657203876
769 58.45 -2.3592676172076077
770 58.5 -2.349752938723188
771 58.55 -2.3402093375884934
772 58.6 -2.3306368210983806
773 58.65 -2.3210353965212365
774 58.7 -2.31140507109902
775 58.75 -2.3017458520473
776 58.8 -2.2920577465552965
777 58.85 -2.2823407617859153
778 58.9 -2.2725949048757936
779 58.95 -2.2628201829353327
780 59.0 -2.253016603048742
781 59.05 -2.243184172274074
782 59.1 -2.2333228976432644
783 59.15 -2.2234327861621694
784 59.2 -2.213513844810604
785 59.25 -2.2035660805423802
786 59.3 -2.1935895002853467
787 59.35 -2.1835841109414225
788 59.4 -2.173549919386636
789 59.45 -2.163486932471166
790 59.5 -2.153395157019372
791 59.55 -2.143274599829838
792 59.6 -2.1331252676754042
793 59.65 -2.1229471673032063
794 59.7 -2.112740305434713
795 59.75 -2.1025046887657597
796 59.8 -2.092240323966587
797 59.85 -2.081947217681875
798 59.9 -2.0716253765307813
799 59.95 -2.061274807106974
800 60.0 -2.050895515978671
801 60.05 -2.0404875096886723
802 60.1 -2.0300507947543975
803 60.15 -2.01958537766792
804 60.2 -2.0090912648960018
805 60.25 -1.9985684628801295
806 60.3 -1.988016978036549
807 60.35 -1.9774368167562988
808 60.4 -1.9668279854052457
809 60.45 -1.956190490324119
810 60.5 -1.945524337828544
811 60.55 -1.9348295342090776
812 60.6 -1.9241060857312406
813 60.65 -1.913353998635553
814 60.7 -1.9025732791375656
815 60.75 -1.8917639334278948
816 60.8 -1.8809259676722565
817 60.85 -1.8700593880114986
818 60.9 -1.8591642005616336
819 60.95 -1.8482404114138729
820 61.0 -1.837288026634658
821 61.05 -1.8263070522656926
822 61.1 -1.8152974943239797
823 61.15 -1.804259358801849
824 61.2 -1.7931926516669898
825 61.25 -1.7820973788624859
826 61.3 -1.7709735463068448
827 61.35 -1.7598211598940317
828 61.4 -1.748640225493498
829 61.45 -1.7374307489502179
830 61.5 -1.7261927360847138
831 61.55 -1.7149261926930923
832 61.6 -1.7036311245470734
833 61.65 -1.6923075373940213
834 61.7 -1.6809554369569761
835 61.75 -1.669574828934685
836 61.8 -1.6581657190016306
837 61.85 -1.6467281128080637
838 61.9 -1.6352620159800326
839 61.95 -1.623767434119415
840 62.0 -1.6122443728039453
841 62.05 -1.6006928375872458
842 62.1 -1.5891128339988565
843 62.15 -1.5775043675442662
844 62.2 -1.5658674437049396
845 62.25 -1.5542020679383481
846 62.3 -1.542508245678
847 62.35 -1.5307859823334675
848 62.4 -1.5190352832904161
849 62.45 -1.5072561539106366
850 62.5 -1.4954485995320699
851 62.55 -1.483612625468838
852 62.6 -1.4717482370112713
853 62.65 -1.4598554394259382
854 62.7 -1.4479342379556734
855 62.75 -1.4359846378196017
856 62.8 -1.424006644213175
857 62.85 -1.4120002623081902
858 62.9 -1.3999654972528264
859 62.95 -1.3879023541716637
860 63.0 -1.3758108381657166
861 63.05 -1.3636909543124591
862 63.1 -1.3515427076658548
863 63.15 -1.3393661032563788
864 63.2 -1.3271611460910493
865 63.25 -1.3149278411534526
866 63.3 -1.3026661934037704
867 63.35 -1.2903762077788077
868 63.4 -1.278057889192014
869 63.45 -1.2657112425335169
870 63.5 -1.2533362726701456
871 63.55 -1.2409329844454546
872 63.6 -1.2285013826797522
873 63.65 -1.2160414721701271
874 63.7 -1.2035532576904724
875 63.75 -1.191036743991513
876 63.8 -1.1784919358008292
877 63.85 -1.1659188378228826
878 63.9 -1.1533174547390443
879 63.95 -1.140687791207616
880 64.0 -1.1280298518638572
881 64.05 -1.115343641320009
882 64.1 -1.1026291641653223
883 64.15 -1.0898864249660787
884 64.2 -1.077115428265617
885 64.25 -1.0643161785843573
886 64.3 -1.0514886804198247
887 64.35 -1.038632938246676
888 64.4 -1.025748956516719
889 64.45 -1.0128367396589442
890 64.5 -0.9998962920795404
891 64.55 -0.9869276181619238
892 64.6 -0.9739307222667591
893 64.65 -0.9609056087319883
894 64.7 -0.9478522818728439
895 64.75 -0.9347707459818843
896 64.8 -0.9216610053290073
897 64.85 -0.9085230641614807
898 64.9 -0.895356926703959
899 64.95 -0.88216259715851
900 65.0 -0.8689400797046372
901 65.05 -0.8556893784993007
902 65.1 -0.842410497676944
903 65.15 -0.8291034413495117
904 65.2 -0.8157682136064726
905 65.25 -0.8024048185148448
906 65.3 -0.7890132601192156
907 65.35 -0.7755935424417637
908 65.4 -0.7620883275612841
909 65.45 -0.7485503819787124
910 65.5 -0.734979834042777
911 65.55 -0.721376810695823
912 65.6 -0.7077414374986869
913 65.65 -0.6940738386549613
914 65.7 -0.6803741370346609
915 65.75 -0.6666424541973203
916 65.8 -0.6528789104145236
917 65.85 -0.6390836246919069
918 65.9 -0.6252567147906236
919 65.95 -0.6113982972483132
920 66.0 -0.5975084873995746
921 66.05 -0.5835873993959565
922 66.1 -0.5696351462254924
923 66.15 -0.5556518397317806
924 66.2 -0.5416375906326281
925 66.25 -0.5275925085382732
926 66.3 -0.5135167019691975
927 66.35 -0.4994102783735302
928 66.4 -0.48527334414407686
929 66.45 -0.47110600463496427
930 66.5 -0.4569083641779152
931 66.55 -0.44268052609817377
932 66.6 -0.4284225927300821
933 66.65 -0.41413466543232397
934 66.7 -0.3998168446028297
935 66.75 -0.38546922969338315
936 66.8 -0.37109191922389734
937 66.85 -0.3566850107964023
938 66.9 -0.3422486011087337
939 66.95 -0.327782785967946
940 67.0 -0.3132876603034348
941 67.05 -0.29876331817979895
942 67.1 -0.2842098528094305
943 67.15 -0.2696273565648599
944 67.2 -0.25501592099084375
945 67.25 -0.2403756368162099
946 67.3 -0.2257065939654669
947 67.35 -0.21100888157018438
948 67.4 -0.1962825879801449
949 67.45 -0.18152780077428243
950 67.5 -0.16674460677139966
951 67.55 -0.1519330920406823
952 67.6 -0.13709334191200795
953 67.65 -0.12222544098605749
954 67.7 -0.10732947314423352
955 67.75 -0.09240552155838887
956 67.8 -0.07745366870037271
957 67.85 -0.06247399635139869
958 67.9 -0.04746658561122879
959 67.95 -0.03243151690720257
960 68.0 -0.017368870003082043
961 68.05 -0.0022787240077482666
962 68.1 0.012838842616273702
963 68.15 0.027983752044437753
964 68.2 0.04315592708195022
965 68.25 0.05835529115569768
966 68.3 0.0735817683063136
967 68.35 0.08883528318039663
968 68.4 0.10411576102284577
969 68.45 0.11942312766936103
970 68.5 0.13475730953904722
971 68.55 0.1501182336271671
972 68.6 0.16550582749800757
973 68.65 0.1809200192778784
974 68.7 0.19636073764822984
975 68.75 0.21182791183888028
976 68.8 0.2273214716213687
977 68.85 0.2428413473024204
978 68.9 0.2583874697175094
979 68.95 0.27395977022455476
980 69.0 0.28955818069768424
981 69.05 0.30518263352115055
982 69.1 0.32083306158329933
983 69.15 0.33650939827067344
984 69.2 0.35221157746219367
985 69.25 0.3679395335234394
986 69.3 0.3836932013010301
987 69.35 0.3994725161170835
988 69.4 0.4152774137637786
989 69.45 0.43110783049799056
990 69.5 0.4469637030360241
991 69.55 0.46284496854842033
992 69.6 0.4787515646548549
993 69.65 0.4946834294191108
994 69.7 0.5106405013441286
995 69.75 0.5266227193671376
996 69.8 0.5426300228548658
997 69.85 0.5586623515988153
998 69.9 0.5747196458106139
999 69.95 0.5908018461174427
1000 70.0 0.6069088935575274
1001 70.05 0.6230407295757016
1002 70.1 0.6391972960190335
1003 70.15 0.6553785351325211
1004 70.2 0.6715843895548553
1005 70.25 0.6878148023142407
1006 70.3 0.7040697168242807
1007 70.35 0.7203490768799188
1008 70.4 0.7366528266534541
1009 70.45 0.7529809106905982
1010 70.5 0.7693332739065982
1011 70.55 0.7857098615824152
1012 70.6 0.8021106193609616
1013 70.65 0.8185354932433849
1014 70.7 0.8349844295854107
1015 70.75 0.8514573750937362
1016 70.8 0.8679542768224745
1017 70.85 0.8844750821696553
1018 70.9 0.9010197388737604
1019 70.95 0.9175881950103283
1020 71.0 0.9341803989885932
1021 71.05 0.9507962995481656
1022 71.1 0.9674358457557789
1023 71.15 0.9840989870020634
1024 71.2 1.0007856729983673
1025 71.25 1.0174958537736327
1026 71.3 1.0342294796713019
1027 71.35 1.0509865013462742
1028 71.4 1.067766869761895
1029 71.45 1.0845705361869924
1030 71.5 1.1013974521929608
1031 71.55 1.1182475696508645
1032 71.6 1.1351208407285922
1033 71.65 1.1520172178880599
1034 71.7 1.1689366538824253
1035 71.75 1.185879101753358
1036 71.8 1.2028445148283462
1037 71.85 1.2198328467180226
1038 71.9 1.236844051313547
1039 71.95 1.2538780827840013
1040 72.0 1.2709348955738393
1041 72.05 1.2880144444003547
1042 72.1 1.305116684251181
1043 72.15 1.3222415703818389
1044 72.2 1.3393890583132935
1045 72.25 1.3565591038295644
1046 72.3 1.373751662975352
1047 72.35 1.3909666920536965
1048 72.4 1.4082041476236675
1049 72.45 1.425463986498083
1050 72.5 1.4427461657412577
1051 72.55 1.4600506426667774
1052 72.6 1.477377374835304
1053 72.65 1.4947263200524035
1054 72.7 1.5120974363663993
1055 72.75 1.5294906820662664
1056 72.8 1.5469060156795273
1057 72.85 1.5643433959701998
1058 72.9 1.5818027819367453
1059 72.95 1.5992841328100638
1060 73.0 1.6167874080514921
1061 73.05 1.634312567350847
1062 73.1 1.6518595706244759
1063 73.15 1.6694283780133394
1064 73.2 1.687018949881111
1065 73.25 1.7046312468123055
1066 73.3 1.7222652296104262
1067 73.35 1.7399208592961324
1068 73.4 1.7575980971054301
1069 73.45 1.7752969044878903
1070 73.5 1.7930172431048674
1071 73.55 1.8107590748277724
1072 73.6 1.8285223617363304
1073 73.65 1.8463070661168843
1074 73.7 1.8641131504607025
1075 73.75 1.8819405774623148
1076 73.8 1.8997893100178609
1077 73.85 1.9176593112234652
1078 73.9 1.9355505443736258
1079 73.95 1.953462972959618
1080 74.0 1.9713965606679267
1081 74.05 1.9893512713786787
1082 74.1 2.007327069164117
1083 74.15 2.025323918287067
1084 74.2 2.0433417831994403
1085 74.25 2.0613806285407392
1086 74.3 2.0794404191365943
1087 74.35 2.0975211199972943
1088 74.4 2.115622696316363
1089 74.45 2.133745113469127
1090 74.5 2.1518883370113038
1091 74.55 2.170052332677618
1092 74.6 2.1882370663804203
1093 74.65 2.206442504208324
1094 74.7 2.2246686124248565
1095 74.75 2.242915357467125
1096 74.8 2.2611827059445075
1097 74.85 2.2794706246373337
1098 74.9 2.2977790804955984
1099 74.95 2.3161080406376944
1100 75.0 2.334457472349136
1101 75.05 2.3528273430813162
1102 75.1 2.3712176204502673
1103 75.15 2.389628272235437
1104 75.2 2.4080592663784754
1105 75.25 2.4265105709820416
1106 75.3 2.4449821543086103
1107 75.35 2.4634739847793075
1108 75.4 2.4819860309727453
1109 75.45 2.5005182616238675
1110 75.5 2.519070645622816
1111 75.55 2.5376431520138047
1112 75.6 2.556235749994009
1113 75.65 2.5748484089124606
1114 75.7 2.5934810982689496
1115 75.75 2.6121337877129482
1116 75.8 2.6308064470425436
1117 75.85 2.6494990462033776
1118 75.9 2.668211555287601
1119 75.95 2.6869439445328256
1120 76.0 2.70569618432111
1121 76.05 2.724468245177934
1122 76.1 2.743260097771196
1123 76.15 2.7620717129102137
1124 76.2 2.7809030615447443
1125 76.25 2.7997541147639913
1126 76.3 2.818624843795652
1127 76.35 2.83751522000495
1128 76.4 2.8564252148936995
1129 76.45 2.8753548000993496
1130 76.5 2.894303947394063
1131 76.55 2.913272628683794
1132 76.6 2.932260816007373
1133 76.65 2.9512684815356116
1134 76.7 2.9702955975703937
1135 76.75 2.989342136543801
1136 76.8 3.0084080710172287
1137 76.85 3.0274933736805205
1138 76.9 3.0465980173511062
1139 76.95 3.065721974973149
1140 77.0 3.0848652196166984
1141 77.05 3.10402772447686
1142 77.1 3.1232094628729565
1143 77.15 3.1424104082477116
1144 77.2 3.161630534166444
1145 77.25 3.180869814316246
1146 77.3 3.200128222505199
1147 77.35 3.2194057326615777
1148 77.4 3.238702318833064
1149 77.45 3.2580179551859776
1150 77.5 3.277352616004495
1151 77.55 3.2967062756899024
1152 77.6 3.3160789087598315
1153 77.65 3.3354704898475105
1154 77.7 3.354880993701032
1155 77.75 3.374310395182607
1156 77.8 3.3937586692678443
1157 77.85 3.4132257910450305
1158 77.9 3.432711735714404
1159 77.95 3.4522164785874643
1160 78.0 3.4717399950862577
1161 78.05 3.491282260742686
1162 78.1 3.5108432511978154
1163 78.15 3.5304229422011932
1164 78.2 3.550021309610178
1165 78.25 3.569638329389256
1166 78.3 3.589273977609381
1167 78.35 3.6089282304473285
1168 78.4 3.6286010641850157
1169 78.45 3.648292455208878
1170 78.5 3.6680023800092223
1171 78.55 3.687730815179576
1172 78.6 3.7074777374160686
1173 78.65 3.7272431235168106
1174 78.7 3.747026950381265
1175 78.75 3.766829195009633
1176 78.8 3.7866498345022532
1177 78.85 3.8064888460589854
1178 78.9 3.8263462069786205
1179 78.95 3.846221894658291
1180 79.0 3.8661158865928664
1181 79.05 3.8860281603743894
1182 79.1 3.9059586936914865
1183 79.15 3.9259074643287932
1184 79.2 3.9458744501663903
1185 79.25 3.965859629179239
1186 79.3 3.9858629794366154
1187 79.35 4.005884479101573
1188 79.4 4.025924106430372
1189 79.45 4.0459818397719465
1190 79.5 4.066057657567373
1191 79.55 4.086151538349312
1192 79.6 4.106263460741489
1193 79.65 4.1263934034581675
1194 79.7 4.146541345303629
1195 79.75 4.1667072651716515
1196 79.8 4.1868911420449875
1197 79.85 4.207092954994865
1198 79.9 4.227312683180485
1199 79.95 4.247550305848502
1200 80.0 4.267805802332553
1201 80.05 4.288079152052732
1202 80.1 4.3083703345151285
1203 80.15 4.328679329311333
1204 80.2 4.349006116117951
1205 80.25 4.36935067469613
1206 80.3 4.38971298489109
1207 80.35 4.41009302663163
1208 80.4 4.430490779929704
1209 80.45 4.45090622487992
1210 80.5 4.471339341659105
1211 80.55 4.491790110525841
1212 80.6 4.5122585118200025
1213 80.65 4.5327445259623325
1214 80.7 4.5532481334539865
1215 80.75 4.57376931487609
1216 80.8 4.5943080508893095
1217 80.85 4.614864322233401
1218 80.9 4.635438109726794
1219 80.95 4.656029394266175
1220 81.0 4.67663815682603
1221 81.05 4.697264378458261
1222 81.1 4.717908040291752
1223 81.15 4.738569123531946
1224 81.2 4.7592476094604566
1225 81.25 4.779943479434644
1226 81.3 4.800656714887221
1227 81.35 4.821387297325845
1228 81.4 4.84213520833271
1229 81.45 4.862900429564186
1230 81.5 4.883682942750385
1231 81.55 4.904482729694802
1232 81.6 4.925299772273914
1233 81.65 4.946134052436812
1234 81.7 4.966985552204805
1235 81.75 4.987854253671043
1236 81.8 5.008740139000161
1237 81.85 5.029643190427884
1238 81.9 5.0505633902606775
1239 81.95 5.071500720875373
1240 82.0 5.092455164718801
1241 82.05 5.11342670430744
1242 82.1 5.134415322227055
1243 82.15 5.155421001132337
1244 82.2 5.176443723746558
1245 82.25 5.197483472861219
1246 82.3 5.218540231335698
1247 82.35 5.2396139820969205
1248 82.4 5.260704708138998
1249 82.45 5.281812392522896
1250 82.5 5.302937018376103
1251 82.55 5.3240785688922925
1252 82.6 5.34523702733099
1253 82.65 5.366412377017236
1254 82.7 5.387604601341272
1255 82.75 5.4088136837582095
1256 82.8 5.430039607787709
1257 82.85 5.45128235701365
1258 82.9 5.472541915083834
1259 82.95 5.493818265709648
1260 83.0 5.515111392665762
1261 83.05 5.536421279789831
1262 83.1 5.557747910982144
1263 83.15 5.57909127020536
1264 83.2 5.600451341484194
1265 83.25 5.6218281089051
1266 83.3 5.6432215566159885
1267 83.35 5.664631668825915
1268 83.4 5.6860584298047865
1269 83.45 5.707501823883084
1270 83.5 5.728961835451554
1271 83.55 5.750438448960918
1272 83.6 5.771931648921596
1273 83.65 5.793441419903419
1274 83.7 5.814967746535332
1275 83.75 5.836510613505139
1276 83.8 5.858070005559195
1277 83.85 5.879645907502143
1278 83.9 5.901238304196644
1279 83.95 5.92284718056309
1280 84.0 5.944472521579346
1281 84.05 5.966114312280466
1282 84.1 5.987772537758437
1283 84.15 6.00944718316191
1284 84.2 6.0311382336959225
1285 84.25 6.052845674621661
1286 84.3 6.074569491256182
1287 84.35 6.096309668972161
1288 84.4 6.1180661931976275
1289 84.45 6.1398390494157224
1290 84.5 6.161628223164429
1291 84.55 6.183433700036335
1292 84.6 6.205255465678381
1293 84.65 6.227093505791599
1294 84.7 6.24894780613088
1295 84.75 6.2708183525047225
1296 84.8 6.292705130775005
1297 84.85 6.314608126856701
1298 84.9 6.336527326717696
1299 84.95 6.35846271637851
1300 85.0 6.380414281912068
1301 85.05 6.402382009443474
1302 85.1 6.424365885149773
1303 85.15 6.446365895259712
1304 85.2 6.468382026053528
1305 85.25 6.490414263862695
1306 85.3 6.512462595069705
1307 85.35 6.534527006107863
1308 85.4 6.556607483461027
1309 85.45 6.578704013663408
1310 85.5 6.600816583299353
1311 85.55 6.622945179003113
1312 85.6 6.645089787458612
1313 85.65 6.667250395399254
1314 85.7 6.689426989607705
1315 85.75 6.7116195569156645
1316 85.8 6.733828084203658
1317 85.85 6.756052558400835
1318 85.9 6.778292966484741
1319 85.95 6.800549295481128
1320 86.0 6.822821532463741
1321 86.05 6.8451096645541
1322 86.1 6.867413678921305
1323 86.15 6.889733562781835
1324 86.2 6.912069303399348
1325 86.25 6.934420888084468
1326 86.3 6.956788304194602
1327 86.35 6.979171539133729
1328 86.4 7.001570580352201
1329 86.45 7.023985415346561
1330 86.5 7.046416031659336
1331 86.55 7.0688624168788445
1332 86.6 7.091324558639026
1333 86.65 7.1138024446192185
1334 86.7 7.136296062543996
1335 86.75 7.1588054001829535
1336 86.8 7.181330445350543
1337 86.85 7.203871185905873
1338 86.9 7.226427609752542
1339 86.95 7.248999704838438
1340 87.0 7.27158745915556
1341 87.05 7.294190860739837
1342 87.1 7.316809897670952
1343 87.15 7.339444558072158
1344 87.2 7.362094830110105
1345 87.25 7.384760701994653
1346 87.3 7.407442161978709
1347 87.35 7.4301391983580585
1348 87.4 7.452851799471167
1349 87.45 7.475579953699021
1350 87.5 7.498323649464968
1351 87.55 7.521082875234531
1352 87.6 7.543857619515239
1353 87.65 7.566647870856466
1354 87.7 7.589453617849273
1355 87.75 7.612274849126221
1356 87.8 7.635111553361226
1357 87.85 7.657963719269365
1358 87.9 7.680831335606746
1359 87.95 7.703714391170345
1360 88.0 7.726612874797815
1361 88.05 7.749526775367355
1362 88.1 7.772456081797532
1363 88.15 7.795400783047141
1364 88.2 7.8183608681150245
1365 88.25 7.841336326039949
1366 88.3 7.864327145900411
1367 88.35 7.88733331681452
1368 88.4 7.910354827939819
1369 88.45 7.933391668473135
1370 88.5 7.956443827650455
1371 88.55 7.979511294746733
1372 88.6 8.002594059075774
1373 88.65 8.025692109990057
1374 88.7 8.048805436880631
1375 88.75 8.071934029176912
1376 88.8 8.095077876346581
1377 88.85 8.118236967895417
1378 88.9 8.141411293367158
1379 88.95 8.16460084234336
1380 89.0 8.187805604443259
1381 89.05 8.211025569323612
1382 89.1 8.234260726678572
1383 89.15 8.257511066239548
1384 89.2 8.280776577775047
1385 89.25 8.304057251090569
1386 89.3 8.327353076028434
1387 89.35 8.35066404246766
1388 89.4 8.373990140323837
1389 89.45 8.397331359548987
1390 89.5 8.420687690131412
1391 89.55 8.444059122095577
1392 89.6 8.46744564550198
1393 89.65 8.49084725044702
1394 89.7 8.514263927062853
1395 89.75 8.537695665517253
1396 89.8 8.561142456013528
1397 89.85 8.58460428879034
1398 89.9 8.608081154121601
1399 89.95 8.63157304231635
1400 90.0 8.655079943718608
1401 90.05 8.678601848707268
1402 90.1 8.702138747695974
1403 90.15 8.725690631132972
1404 90.2 8.74925748950101
1405 90.25 8.772839313317203
1406 90.3 8.796436093132911
1407 90.35 8.82004781953363
1408 90.4 8.843674483138853
1409 90.45 8.867316074601954
1410 90.5 8.890972584610086
1411 90.55 8.914644003884035
1412 90.6 8.938330323178121
1413 90.65 8.96203153328008
1414 90.7 8.985747625010937
1415 90.75 9.009478589224898
1416 90.8 9.033224416809233
1417 90.85 9.056985098684152
1418 90.9 9.080760625802704
1419 90.95 9.104550989150654
1420 91.0 9.128356179746378
1421 91.05 9.152176188640743
1422 91.1 9.176011006917008
1423 91.15 9.199860625690699
1424 91.2 9.223725036109503
1425 91.25 9.247604229353152
1426 91.3 9.271498196633337
1427 91.35 9.295406929193575
1428 91.4 9.319330418309109
1429 91.45 9.3432686552868
1430 91.5 9.36722163146502
1431 91.55 9.391189338213561
1432 91.6 9.415171766933508
1433 91.65 9.439168909057145
1434 91.7 9.463180756047844
1435 91.75 9.487207299399975
1436 91.8 9.511248530638769
1437 91.85 9.535304441320264
1438 91.9 9.559375023031176
1439 91.95 9.5834602673888
1440 92.0 9.607560166040887
1441 92.05 9.631674710665607
1442 92.1 9.655803892971376
1443 92.15 9.679947704696811
1444 92.2 9.70410613761059
1445 92.25 9.728279183511392
1446 92.3 9.752466834227768
1447 92.35 9.776669081618063
1448 92.4 9.80088591757031
1449 92.45 9.825117334002146
1450 92.5 9.849363322860711
1451 92.55 9.873623876122549
1452 92.6 9.897898985793496
1453 92.65 9.922188643908632
1454 92.7 9.946492842532136
1455 92.75 9.970811573757253
1456 92.8 9.995144829706138
1457 92.85 10.0194926025298
1458 92.9 10.043854884408017
1459 92.95 10.068231667549215
1460 93.0 10.092622944190403
1461 93.05 10.11702870659708
1462 93.1 10.141448947063145
1463 93.15 10.165883657910783
1464 93.2 10.19033283149043
1465 93.25 10.214796460180622
1466 93.3 10.23927453638796
1467 93.35 10.26376705254699
1468 93.4 10.288274001120143
1469 93.45 10.312795374597624
1470 93.5 10.33733116549734
1471 93.55 10.361881366364804
1472 93.6 10.386445969773083
1473 93.65 10.411024968322662
1474 93.7 10.4356183546414
1475 93.75 10.460226121384435
1476 93.8 10.484848261234111
1477 93.85 10.509484766899865
1478 93.9 10.534135631118188
1479 93.95 10.558800846652508
1480 94.0 10.583480406293125
1481 94.05 10.60817430285714
1482 94.1 10.632882529188336
1483 94.15 10.65760507815716
1484 94.2 10.682341942660589
1485 94.25 10.70709311562207
1486 94.3 10.731858589991454
1487 94.35 10.756638358744887
1488 94.4 10.781432414884783
1489 94.45 10.806240751439697
1490 94.5 10.831063361464262
1491 94.55 10.855900238039139
1492 94.6 10.880751374270906
1493 94.65 10.905616763292011
1494 94.7 10.930496398260663
1495 94.75 10.955390272360797
1496 94.8 10.980298378801958
1497 94.85 11.005220710819273
1498 94.9 11.030157261673345
1499 94.95 11.05510802465018
1500 95.0 11.080072993061133
1501 95.05 11.10505216024282
1502 95.1 11.130045519557063
1503 95.15 11.155053064390787
1504 95.2 11.180074788155984
1505 95.25 11.205110684289625
1506 95.3 11.230160746253603
1507 95.35 11.255224967534613
1508 95.4 11.28030334164416
1509 95.45 11.305395862118443
1510 95.5 11.330502522518282
1511 95.55 11.355623316429075
1512 95.6 11.380758237460698
1513 95.65 11.405907279247469
1514 95.7 11.431070435448067
1515 95.75 11.456247699745456
1516 95.8 11.481439065846832
1517 95.85 11.506644527483544
1518 95.9 11.531864078411054
1519 95.95 11.557097712408822
1520 96.0 11.582345423280298
1521 96.05 11.607607204852826
1522 96.1 11.63288305097757
1523 96.15 11.658172955529468
1524 96.2 11.683476912407173
1525 96.25 11.70879491553296
1526 96.3 11.734126958852693
1527 96.35 11.759473036335752
1528 96.4 11.784833141974968
1529 96.45 11.810207269786561
1530 96.5 11.835595413810076
1531 96.55 11.860997568108326
1532 96.6 11.886413726767316
1533 96.65 11.911843883896216
1534 96.7 11.937288033627276
1535 96.75 11.962746170115741
1536 96.8 11.988218287539851
1537 96.85 12.013704380100735
1538 96.9 12.039204442022356
1539 96.95 12.064718467551476
1540 97.0 12.090246450957569
1541 97.05 12.115788386532781
1542 97.1 12.14134426859186
1543 97.15 12.166914091472117
1544 97.2 12.192497849533346
1545 97.25 12.218095537157762
1546 97.3 12.243707148749987
1547 97.35 12.269332678736955
1548 97.4 12.294972121567843
1549 97.45 12.320625471714052
1550 97.5 12.34629272366914
1551 97.55 12.371973871948754
1552 97.6 12.397668911090587
1553 97.65 12.423377835654325
1554 97.7 12.449100640221571
1555 97.75 12.474837319395805
1556 97.8 12.500587867802352
1557 97.85 12.526352280088272
1558 97.9 12.552130550922376
1559 97.95 12.577922674995115
1560 98.0 12.60372864701857
1561 98.05 12.62954846172635
1562 98.1 12.655382113873586
1563 98.15 12.68122959823686
1564 98.2 12.707090909614148
1565 98.25 12.732966042824792
1566 98.3 12.758854992709402
1567 98.35 12.784757754129863
1568 98.4 12.810674321969222
1569 98.45 12.836604691131717
1570 98.5 12.862548856542624
1571 98.55 12.888506813148304
1572 98.6 12.914478555916093
1573 98.65 12.9404640798343
1574 98.7 12.9664633799121
1575 98.75 12.992476451179503
1576 98.8 13.01850328868735
1577 98.85 13.044543887507219
1578 98.9 13.070598242731371
1579 98.95 13.09666634947274
1580 99.0 13.122748202864853
1581 99.05 13.148843798061826
1582 99.1 13.174953130238235
1583 99.15 13.201076194589149
1584 99.2 13.227212986330041
1585 99.25 13.253363500696778
1586 99.3 13.279527732945525
1587 99.35 13.30570567835273
1588 99.4 13.331897332215071
1589 99.45 13.358102689849416
1590 99.5 13.384321746592772
1591 99.55 13.410554497802238
1592 99.6 13.436800938854981
1593 99.65 13.463061065148159
1594 99.7 13.489334872098867
1595 99.75 13.515622355144172
1596 99.8 13.541923509740956
1597 99.85 13.568238331365977
1598 99.9 13.594566815515767
1599 99.95 13.62090895770659
1600 100.0 13.647264753474403
1601 100.05 13.673634198374845
1602 100.1 13.700017287983158
1603 100.15 13.726414017894141
1604 100.2 13.752824383722167
1605 100.25 13.77924838110104
1606 100.3 13.805686005684027
1607 100.35 13.832137253143825
1608 100.4 13.858602119172488
1609 100.45 13.885080599481372
1610 100.5 13.911572689801126
1611 100.55 13.938078385881632
1612 100.6 13.964597683492004
1613 100.65 13.991130578420474
1614 100.7 14.017677066474416
1615 100.75 14.044237143480286
1616 100.8 14.070810805283571
1617 100.85 14.097398047748761
1618 100.9 14.123998866759337
1619 100.95 14.150613258217655
1620 101.0 14.177241218045
1621 101.05 14.203882742181461
1622 101.1 14.230537826585978
1623 101.15 14.257206467236232
1624 101.2 14.283888660128637
1625 101.25 14.31058440127832
1626 101.3 14.337293686719045
1627 101.35 14.364016512503218
1628 101.4 14.3907528747018
1629 101.45 14.41750276940432
1630 101.5 14.444266192718786
1631 101.55 14.471043140771718
1632 101.6 14.497833609708055
1633 101.65 14.524637595691122
1634 101.7 14.551455094902618
1635 101.75 14.57828610354257
1636 101.8 14.605130617829294
1637 101.85 14.631988633999368
1638 101.9 14.65886014830759
1639 101.95 14.68574515702695
1640 102.0 14.712643656448591
1641 102.05 14.739555642881747
1642 102.1 14.766481112653754
1643 102.15 14.793420062110005
1644 102.2 14.820372487613888
1645 102.25 14.847338385546793
1646 102.3 14.874317752308043
1647 102.35 14.901310584314873
1648 102.4 14.928316878002406
1649 102.45 14.955336629823595
1650 102.5 14.982369836249223
1651 102.55 15.00941649376786
1652 102.6 15.036476598885809
1653 102.65 15.063550148127094
1654 102.7 15.090637138033413
1655 102.75 15.117737565164125
1656 102.8 15.144851426096203
1657 102.85 15.171978717424235
1658 102.9 15.199119435760318
1659 102.95 15.226273577734112
1660 103.0 15.253441139992741
1661 103.05 15.28062211920082
1662 103.1 15.307816512040382
1663 103.15 15.335024315210864
1664 103.2 15.362245525429056
1665 103.25 15.389480139429107
1666 103.3 15.416728153962465
1667 103.35 15.443989565797853
1668 103.4 15.471264371721267
1669 103.45 15.498552568535915
1670 103.5 15.525854153062175
1671 103.55 15.553169122137593
1672 103.6 15.580497472616866
1673 103.65 15.607839201371771
1674 103.7 15.635194305291161
1675 103.75 15.662562781280952
1676 103.8 15.689944626264063
1677 103.85 15.717339837180395
1678 103.9 15.74474841098682
1679 103.95 15.772170344657132
1680 104.0 15.799605635182031
1681 104.05 15.827054279569102
1682 104.1 15.854516274842757
1683 104.15 15.881991618044252
1684 104.2 15.909480306231618
1685 104.25 15.936982336479655
1686 104.3 15.964497705879912
1687 104.35 15.992026411540644
1688 104.4 16.019568450586796
1689 104.45 16.04712382015995
1690 104.5 16.07469251741834
1691 104.55 16.102274539536808
1692 104.6 16.129869883706768
1693 104.65 16.157478547136197
1694 104.7 16.18510052704958
1695 104.75 16.212735820687914
1696 104.8 16.24038442530869
1697 104.85 16.268046338185826
1698 104.9 16.295721556609674
1699 104.95 16.323410077886997
1700 105.0 16.351111899340918
1701 105.05 16.378827018310922
1702 105.1 16.406555432152828
1703 105.15 16.434297138238744
1704 105.2 16.462052133957055
1705 105.25 16.489820416712405
1706 105.3 16.517601983925662
1707 105.35 16.54539683303391
1708 105.4 16.573204961490404
1709 105.45 16.601026366764568
1710 105.5 16.628861046341946
1711 105.55 16.656708997724216
1712 105.6 16.68457021842911
1713 105.65 16.712444705990457
1714 105.7 16.740332457958118
1715 105.75 16.768233471897958
1716 105.8 16.796147745391856
1717 105.85 16.82407527603766
1718 105.9 16.85201606144918
1719 105.95 16.87997009925614
1720 106.0 16.907937387104166
1721 106.05 16.93591792265478
1722 106.1 16.963911703585378
1723 106.15 16.991918727589184
1724 106.2 17.01993899237523
1725 106.25 17.047972495668375
1726 106.3 17.07601923520923
1727 106.35 17.104079208754182
1728 106.4 17.132152414075343
1729 106.45 17.16023884896052
1730 106.5 17.188338511213246
1731 106.55 17.216451398652715
1732 106.6 17.24457750911377
1733 106.65 17.272716840446876
1734 106.7 17.300869390518127
1735 106.75 17.329035157209194
1736 106.8 17.35721413841733
1737 106.85 17.385406332055318
1738 106.9 17.413611736051507
1739 106.95 17.441830348349722
1740 107.0 17.470062166909308
1741 107.05 17.498307189705063
1742 107.1 17.526565414727244
1743 107.15 17.554836839981544
1744 107.2 17.583121463489082
1745 107.25 17.611419283286356
1746 107.3 17.63973029742526
1747 107.35 17.668054503973014
1748 107.4 17.696391901012216
1749 107.45 17.724742486640764
1750 107.5 17.75310625897186
1751 107.55 17.781483216134003
1752 107.6 17.80987335627094
1753 107.65 17.838276677541693
1754 107.7 17.866693178120496
1755 107.75 17.89512285619681
1756 107.8 17.923565709975275
1757 107.85 17.952021737675732
1758 107.9 17.980490937533165
1759 107.95 18.008973307797714
1760 108.0 18.037468846734647
1761 108.05 18.065977552624332
1762 108.1 18.094499423762237
1763 108.15 18.123034458458896
1764 108.2 18.151582655039924
1765 108.25 18.18014401184596
1766 108.3 18.208718527232687
1767 108.35 18.237306199570796
1768 108.4 18.265907027245945
1769 108.45 18.2945210086588
1770 108.5 18.323148142225012
1771 108.55 18.351788426375123
1772 108.6 18.38044185955464
1773 108.65 18.409108440223978
1774 108.7 18.437788166858446
1775 108.75 18.46648103794826
1776 108.8 18.495187051998474
1777 108.85 18.523906207529038
1778 108.9 18.552638503074693
1779 108.95 18.581383937185038
1780 109.0 18.61014250842447
1781 109.05 18.638914215372186
1782 109.1 18.667699056622155
1783 109.15 18.69649703078313
1784 109.2 18.7253081364786
1785 109.25 18.754132372346795
1786 109.3 18.78296973704066
1787 109.35 18.81182022922787
1788 109.4 18.840683847590764
1789 109.45 18.8695605908264
1790 109.5 18.898450457646483
1791 109.55 18.927353446777367
1792 109.6 18.956269556960056
1793 109.65 18.985198786950193
1794 109.7 19.014141135518006
1795 109.75 19.04309660144834
1796 109.8 19.072065183540644
1797 109.85 19.101046880608912
1798 109.9 19.13004169148173
1799 109.95 19.15904961500219
1800 110.0 19.188070650027967
1801 110.05 19.217104795431244
1802 110.1 19.246152050098704
1803 110.15 19.275212412931545
1804 110.2 19.30428588284545
1805 110.25 19.33337245877057
1806 110.3 19.362472139651512
1807 110.35 19.391584924447347
1808 110.4 19.420710812131595
1809 110.45 19.449849801692185
1810 110.5 19.47900189213146
1811 110.55 19.5081670824662
1812 110.6 19.537345371727536
1813 110.65 19.566536758961
1814 110.7 19.595741243226502
1815 110.75 19.6249588235983
1816 110.8 19.654189499165014
1817 110.85 19.68343326902958
1818 110.9 19.712690132309273
1819 110.95 19.74196008813569
1820 111.0 19.77124313565475
1821 111.05 19.800539274026622
1822 111.1 19.82984850242578
1823 111.15 19.859170820040998
1824 111.2 19.88850622607528
1825 111.25 19.917854719745915
1826 111.3 19.947216300284403
1827 111.35 19.976590966936502
1828 111.4 20.0059787189622
1829 111.45 20.035379555635675
1830 111.5 20.06479347624531
1831 111.55 20.09422048009372
1832 111.6 20.123660566497687
1833 111.65 20.153113734788164
1834 111.7 20.18257998431028
1835 111.75 20.2120593144233
1836 111.8 20.241551724500678
1837 111.85 20.271057213929986
1838 111.9 20.300575782112936
1839 111.95 20.330107428465347
1840 112.0 20.359652152417173
1841 112.05 20.389209953412486
1842 112.1 20.418780830909412
1843 112.15 20.448364784380214
1844 112.2 20.477961813311214
1845 112.25 20.507571917202792
1846 112.3 20.537195095569423
1847 112.35 20.566831347939623
1848 112.4 20.596480673855957
1849 112.45 20.62614307287506
1850 112.5 20.655818544567552
1851 112.55 20.685507088518115
1852 112.6 20.715208704325438
1853 112.65 20.744923391602235
1854 112.7 20.774651149975206
1855 112.75 20.80439197908505
1856 112.8 20.834145878586497
1857 112.85 20.86391284814819
1858 112.9 20.89369288745279
1859 112.95 20.923485996196938
1860 113.0 20.953292174091203
1861 113.05 20.98311142086015
1862 113.1 21.012943736242253
1863 113.15 21.042789119989976
1864 113.2 21.07264757186967
1865 113.25 21.10251909166165
1866 113.3 21.132403679160156
1867 113.35 21.16230133417331
1868 113.4 21.192212056523193
1869 113.45 21.22213584604577
1870 113.5 21.252072702590894
1871 113.55 21.28202262602234
1872 113.6 21.311985616217754
1873 113.65 21.341961673068674
1874 113.7 21.37195079648052
1875 113.75 21.401952986372567
1876 113.8 21.43196824267798
1877 113.85 21.461996565343778
1878 113.9 21.492037954330836
1879 113.95 21.522092409613876
1880 114.0 21.55215993118148
1881 114.05 21.582240519036066
1882 114.1 21.61233417319389
1883 114.15 21.642440893685034
1884 114.2 21.672560680553424
1885 114.25 21.70269353385682
1886 114.3 21.732839453666763
1887 114.35 21.762998440068653
1888 114.4 21.79317049316167
1889 114.45 21.82335561305882
1890 114.5 21.853553799886885
1891 114.55 21.883765053786497
1892 114.6 21.91398937491203
1893 114.65 21.944226763431693
1894 114.7 21.97447721952747
1895 114.75 22.004740743395104
1896 114.8 22.03501733524417
1897 114.85 22.065306995297966
1898 114.9 22.095609723793615
1899 114.95 22.125925520981966
1900 115.0 22.15625438712767
1901 115.05 22.186596322509132
1902 115.1 22.216951327418524
1903 115.15 22.247319402161764
1904 115.2 22.27770054705854
1905 115.25 22.308094762442295
1906 115.3 22.338502048660207
1907 115.35 22.368922406073235
1908 115.4 22.39935583505606
1909 115.45 22.429802335997092
1910 115.5 22.460261909298527
1911 115.55 22.490734555376275
1912 115.6 22.521220274659978
1913 115.65 22.551719067593027
1914 115.7 22.582230934632538
1915 115.75 22.61275587624937
1916 115.8 22.643293892928103
1917 115.85 22.67384498516706
1918 115.9 22.704409153478284
1919 115.95 22.73498639838752
1920 116.0 22.765576720434275
1921 116.05 22.796180120171748
1922 116.1 22.826796598166894
1923 116.15 22.857426155000343
1924 116.2 22.888068791266495
1925 116.25 22.91872450757344
1926 116.3 22.949393304542983
1927 116.35 22.98007518281067
1928 116.4 23.010770143025734
1929 116.45 23.04147818585114
1930 116.5 23.072199311963573
1931 116.55 23.102933522053416
1932 116.6 23.133680816824775
1933 116.65 23.164441196995497
1934 116.7 23.19521466329709
1935 116.75 23.226001216474817
1936 116.8 23.25680085728764
1937 116.85 23.287613586508243
1938 116.9 23.318439404923016
1939 116.95 23.34927831333208
1940 117.0 23.38013031254924
1941 117.05 23.410995403402048
1942 117.1 23.44187358673175
1943 117.15 23.472764863393323
1944 117.2 23.503669234255444
1945 117.25 23.53458670020054
1946 117.3 23.56551726212471
1947 117.35 23.59646092093782
1948 117.4 23.62741767756341
1949 117.45 23.658387532938796
1950 117.5 23.689370488014973
1951 117.55 23.72036654375667
1952 117.6 23.75137570114234
1953 117.65 23.782397961164197
1954 117.7 23.81343332482814
1955 117.75 23.84448179315382
1956 117.8 23.875543367174608
1957 117.85 23.906618047937613
1958 117.9 23.937705836503696
1959 117.95 23.96880673394741
1960 118.0 23.99992074135712
1961 118.05 24.03104785983486
1962 118.1 24.062188090496466
1963 118.15 24.09334143447146
1964 118.2 24.124507892903164
1965 118.25 24.155687466948635
1966 118.3 24.18688015777867
1967 118.35 24.218085966577842
1968 118.4 24.249304894544476
1969 118.45 24.280536942890645
1970 118.5 24.311782112842216
1971 118.55 24.343040405638806
1972 118.6 24.374311822533794
1973 118.65 24.40559636479432
1974 118.7 24.436894033701346
1975 118.75 24.468204830549574
1976 118.8 24.49952875664752
1977 118.85 24.53086581331747
1978 118.9 24.5622160018955
1979 118.95 24.593579323731472
1980 119.0 24.62495578018907
1981 119.05 24.656345372645763
1982 119.1 24.687748102492833
1983 119.15 24.719163971135366
1984 119.2 24.750592979992263
1985 119.25 24.782035130496254
1986 119.3 24.813490424093857
1987 119.35 24.844958862245466
1988 119.4 24.876440446425267
1989 119.45 24.90793517812128
1990 119.5 24.939443058835415
1991 119.55 24.970964090083374
1992 119.6 25.00249827339471
1993 119.65 25.034045610312862
1994 119.7 25.065606102395108
1995 119.75 25.097179751212607
1996 119.8 25.12876655835035
1997 119.85 25.160366525407245
1998 119.9 25.191979653996032
1999 119.95 25.22360594574341
2000 120.0 25.255245402289916
2001 120.05 25.286898025289947
2002 120.1 25.31856381641187
2003 120.15 25.35024277733795
2004 120.2 25.38193490976432
2005 120.25 25.41364021540107
2006 120.3 25.44535869597221
2007 120.35 25.477090353215676
2008 120.4 25.508835188883342
2009 120.45 25.54059320474103
2010 120.5 25.572364402568482
2011 120.55 25.60414878415944
2012 120.6 25.635946351321582
2013 120.65 25.667757105876554
2014 120.7 25.699581049659997
2015 120.75 25.7314181845215
2016 120.8 25.76326851232468
2017 120.85 25.795132034947123
2018 120.9 25.82700875428043
2019 120.95 25.8588986722302
2020 121.0 25.890801790716065
2021 121.05 25.922718111671667
2022 121.1 25.95464763704469
2023 121.15 25.986590368796847
2024 121.2 26.01854630890391
2025 121.25 26.0505154593557
2026 121.3 26.08249782215609
2027 121.35 26.114493399323027
2028 121.4 26.14650219288855
2029 121.45 26.178524204898764
2030 121.5 26.210559437413885
2031 121.55 26.242607892508197
2032 121.6 26.274669572270138
2033 121.65 26.306744478802244
2034 121.7 26.338832614221168
2035 121.75 26.370933980657696
2036 121.8 26.403048580256787
2037 121.85 26.435176415177512
2038 121.9 26.467317487593125
2039 121.95 26.49947179969106
2040 122.0 26.531639353672904
2041 122.05 26.56382015175444
2042 122.1 26.596014196165658
2043 122.15 26.62822148915075
2044 122.2 26.6604420329681
2045 122.25 26.692675829890344
2046 122.3 26.724922882204353
2047 122.35 26.75718319221121
2048 122.4 26.789456762226283
2049 122.45 26.82174359457918
2050 122.5 26.854043691613782
2051 122.55 26.886357055688293
2052 122.6 26.918683689175158
2053 122.65 26.951023594461137
2054 122.7 26.98337677394731
2055 122.75 27.01574323004907
2056 122.8 27.048122965196157
2057 122.85 27.08051598183264
2058 122.9 27.112922282416957
2059 122.95 27.145341869421905
2060 123.0 27.17777474533463
2061 123.05 27.21022091265672
2062 123.1 27.2426803739041
2063 123.15 27.275153131607127
2064 123.2 27.30763918831057
2065 123.25 27.340138546573655
2066 123.3 27.37265120897002
2067 123.35 27.405177178087758
2068 123.4 27.437716456529426
2069 123.45 27.47026904691207
2070 123.5 27.502834951867207
2071 123.55 27.535414174040863
2072 123.6 27.568006716093578
2073 123.65 27.600612580700385
2074 123.7 27.633231770550886
2075 123.75 27.665864288349212
2076 123.8 27.69851013681404
2077 123.85 27.73116931867865
2078 123.9 27.763841836690876
2079 123.95 27.796527693613154
2080 124.0 27.829226892222536
2081 124.05 27.86193943531069
2082 124.1 27.894665325683928
2083 124.15 27.927404566163172
2084 124.2 27.960157159584053
2085 124.25 27.992923108796816
2086 124.3 28.025702416666434
2087 124.35 28.058495086072572
2088 124.4 28.09130111990959
2089 124.45 28.12412052108658
2090 124.5 28.156953292527394
2091 124.55 28.189799437170592
2092 124.6 28.22265895796953
2093 124.65 28.255531857892347
2094 124.7 28.288418139921955
2095 124.75 28.321317807056055
2096 124.8 28.35423086230723
2097 124.85 28.387157308702847
2098 124.9 28.420097149285137
2099 124.95 28.453050387111194
2100 125.0 28.486017025252984
2101 125.05 28.51899706679736
2102 125.1 28.55199051484612
2103 125.15 28.584997372515943
2104 125.2 28.618017642938465
2105 125.25 28.651051329260245
2106 125.3 28.68409843464286
2107 125.35 28.717158962262808
2108 125.4 28.750232915311635
2109 125.45 28.783320296995853
2110 125.5 28.816421110537046
2111 125.55 28.849535359171806
2112 125.6 28.88266304615179
2113 125.65 28.915804174743766
2114 125.7 28.948958748229526
2115 125.75 28.982126769906035
2116 125.8 29.01530824308532
2117 125.85 29.04850317109457
2118 125.9 29.081711557276147
2119 125.95 29.11493340498754
2120 126.0 29.14816871760149
2121 126.05 29.18141749850588
2122 126.1 29.214679751103848
2123 126.15 29.247955478813758
2124 126.2 29.281244685069204
2125 126.25 29.314547373319073
2126 126.3 29.34786354702755
2127 126.35 29.381193209674084
2128 126.4 29.414536364753495
2129 126.45 29.44789301577591
2130 126.5 29.481263166266807
2131 126.55 29.514646819767073
2132 126.6 29.548043979832954
2133 126.65 29.581454650036118
2134 126.7 29.61487883396364
2135 126.75 29.648316535218072
2136 126.8 29.681767757417404
2137 126.85 29.715232504195107
2138 126.9 29.748710779200167
2139 126.95 29.782202586097064
2140 127.0 29.815707928565843
2141 127.05 29.849226810302078
2142 127.1 29.882759235016927
2143 127.15 29.916305206437134
2144 127.2 29.949864728305073
2145 127.25 29.983437804378706
2146 127.3 30.01702443843168
2147 127.35 30.050624634253303
2148 127.4 30.08423839564856
2149 127.45 30.117865726438144
2150 127.5 30.151506630458492
2151 127.55 30.18516111156175
2152 127.6 30.218829173615863
2153 127.65 30.25251082050456
2154 127.7 30.286206056127355
2155 127.75 30.319914884399584
2156 127.8 30.353637309252452
2157 127.85 30.38737333463301
2158 127.9 30.42112296450421
2159 127.95 30.45488620284491
2160 128.0 30.488663053649855
2161 128.05 30.522453520929798
2162 128.1 30.556257608711427
2163 128.15 30.59007532103744
2164 128.2 30.623906661966487
2165 128.25 30.65775163557333
2166 128.3 30.691610245948734
2167 128.35 30.72548249719955
2168 128.4 30.759368393448725
2169 128.45 30.793267938835314
2170 128.5 30.82718113751454
2171 128.55 30.86110799365774
2172 128.6 30.89504851145247
2173 128.65 30.9290026951025
2174 128.7 30.962970548827805
2175 128.75 30.996952076864602
2176 128.8 31.030947283465384
2177 128.85 31.064956172898942
2178 128.9 31.098978749450403
2179 128.95 31.133015017421208
2180 129.0 31.167064981129165
2181 129.05 31.201128644908483
2182 129.1 31.235206013109764
2183 129.15 31.26929709010005
2184 129.2 31.30340188026282
2185 129.25 31.33752038799806
2186 129.3 31.371652617722248
2187 129.35 31.405798573868367
2188 129.4 31.439958260885977
2189 129.45 31.47413168324121
2190 129.5 31.508318845416774
2191 129.55 31.542519751912
2192 129.6 31.5767344072429
2193 129.65 31.610962815942116
2194 129.7 31.645204982559004
2195 129.75 31.679460911659643
2196 129.8 31.713730607826843
2197 129.85 31.74801407566021
2198 129.9 31.782311319776102
2199 129.95 31.816622344807744
2200 130.0 31.850947155405162
2201 130.05 31.885285756235294
2202 130.1 31.91963815198194
2203 130.15 31.954004347345826
2204 130.2 31.988384347044644
2205 130.25 32.02277815581305
2206 130.3 32.05718577840269
2207 130.35 32.091607219582244
2208 130.4 32.12604248413745
2209 130.45 32.16049157687112
2210 130.5 32.19495450260313
2211 130.55 32.22943126617057
2212 130.6 32.26392187242764
2213 130.65 32.298426326245696
2214 130.7 32.33294463251335
2215 130.75 32.367476796136444
2216 130.8 32.40202282203807
2217 130.85 32.43658271515863
2218 130.9 32.47115648045586
2219 130.95 32.50574412290481
2220 131.0 32.54034564749792
2221 131.05 32.57496105924507
2222 131.1 32.6095903631735
2223 131.15 32.644233564328
2224 131.2 32.67889066777078
2225 131.25 32.71356167858159
2226 131.3 32.74824660185773
2227 131.35 32.78294544271407
2228 131.4 32.817658206283106
2229 131.45 32.85238489771494
2230 131.5 32.88712552217734
2231 131.55 32.92188008485577
2232 131.6 32.956648590953435
2233 131.65 32.99143104569125
2234 131.7 33.02622745430792
2235 131.75 33.061037822060015
2236 131.8 33.095862154221884
2237 131.85 33.13070045608578
2238 131.9 33.165552732961835
2239 131.95 33.20041899017811
2240 132.0 33.23529923308064
2241 132.05 33.27019346703347
2242 132.1 33.305101697418635
2243 132.15 33.34002392963624
2244 132.2 33.37496016910447
2245 132.25 33.409910421259625
2246 132.3 33.44487469155616
2247 132.35 33.47985298546674
2248 132.4 33.5148453084822
2249 132.45 33.54985166611157
2250 132.5 33.58487206388221
2251 132.55 33.619906507339856
2252 132.6 33.65495500204851
2253 132.65 33.69001755359054
2254 132.7 33.72509416756674
2255 132.75 33.76018484959631
2256 132.8 33.795289605316945
2257 132.85 33.83040844038485
2258 132.9 33.865541360474744
2259 132.95 33.900688371279955
2260 133.0 33.935849478512374
2261 133.05 33.97102468790252
2262 133.1 34.00621400519963
2263 133.15 34.04141743617161
2264 133.2 34.07663498660512
2265 133.25 34.111866662305594
2266 133.3 34.147112469097245
2267 133.35 34.182372412823156
2268 133.4 34.21764649934529
2269 133.45 34.2529347345445
2270 133.5 34.28823712432059
2271 133.55 34.32355367459235
2272 133.6 34.358884391297586
2273 133.65 34.394229280393176
2274 133.7 34.42958834785504
2275 133.75 34.46496159967825
2276 133.8 34.50034904187702
2277 133.85 34.535750680484824
2278 133.9 34.57116652155427
2279 133.95 34.60659657115729
2280 134.0 34.64204083538513
2281 134.05 34.67749932034834
2282 134.1 34.71297203217688
2283 134.15 34.74845897702011
2284 134.2 34.783960161046835
2285 134.25 34.81947559044537
2286 134.3 34.85500527142354
2287 134.35 34.890549210208775
2288 134.4 34.926107413048044
2289 134.45 34.96167988620799
2290 134.5 34.99726663597496
2291 134.55 35.03286766865497
2292 134.6 35.06848299057383
2293 134.65 35.10411260807713
2294 134.7 35.1397565275303
2295 134.75 35.17541475531864
2296 134.8 35.21108729784737
2297 134.85 35.24677416154165
2298 134.9 35.282475352846625
2299 134.95 35.31819087822748
2300 135.0 35.35392074416951
2301 135.05 35.38966495717805
2302 135.1 35.425423523778655
2303 135.15 35.46119645051701
2304 135.2 35.49698374395907
2305 135.25 35.53278541069108
2306 135.3 35.56860145731955
2307 135.35 35.604431890471375
2308 135.4 35.64027671679386
2309 135.45 35.67613594295474
2310 135.5 35.71200957564221
2311 135.55 35.747897621564995
2312 135.6 35.783800087452406
2313 135.65 35.81971698005433
2314 135.7 35.85564830614133
2315 135.75 35.89159407250467
2316 135.8 35.92755428595632
2317 135.85 35.963528953329025
2318 135.9 35.99951808147636
2319 135.95 36.0355216772728
2320 136.0 36.071539747613656
2321 136.05 36.107572299415274
2322 136.1 36.14361933961494
2323 136.15 36.17968087517099
2324 136.2 36.215756913062826
2325 136.25 36.25184746029104
2326 136.3 36.28795252387733
2327 136.35 36.324072110864655
2328 136.4 36.36020622831724
2329 136.45 36.39635488332058
2330 136.5 36.43251808298155
2331 136.55 36.46869583442843
2332 136.6 36.50488814481095
2333 136.65 36.541095021300315
2334 136.7 36.57731647108926
2335 136.75 36.61355250139214
2336 136.8 36.64980311944493
2337 136.85 36.68606833250525
2338 136.9 36.7223481478525
2339 136.95 36.758642572787814
2340 137.0 36.794951614634144
2341 137.05 36.83127528073635
2342 137.1 36.86761357846117
2343 137.15 36.903966515197325
2344 137.2 36.94033409835555
2345 137.25 36.976716335368614
2346 137.3 37.01311323369144
2347 137.35 37.04952480080109
2348 137.4 37.08595104419682
2349 137.45 37.122391971400155
2350 137.5 37.15884758995494
2351 137.55 37.19531790742736
2352 137.6 37.231802931406015
2353 137.65 37.268302669501956
2354 137.7 37.304817129348756
2355 137.75 37.34134631860255
2356 137.8 37.37789024494205
2357 137.85 37.41444891606866
2358 137.9 37.45102233970647
2359 137.95 37.48761052360238
2360 138.0 37.524213475526054
2361 138.05 37.560831203270055
2362 138.1 37.59746371464986
2363 138.15 37.63411101750392
2364 138.2 37.670773119693685
2365 138.25 37.70745002910374
2366 138.3 37.74414175364171
2367 138.35 37.78084830123851
2368 138.4 37.81756967984823
2369 138.45 37.854305897448256
2370 138.5 37.89105696203932
2371 138.55 37.92782288164558
2372 138.6 37.96460366431465
2373 138.65 38.001399318117606
2374 138.7 38.03820985114914
2375 138.75 38.07503527152753
2376 138.8 38.11187558739476
2377 138.85 38.14873080691651
2378 138.9 38.18560093828227
2379 138.95 38.22248598970538
2380 139.0 38.259385969423064
2381 139.05 38.29630088569651
2382 139.1 38.33323074681093
2383 139.15 38.3701755610756
2384 139.2 38.407135336823906
2385 139.25 38.44411008241343
2386 139.3 38.48109980622601
2387 139.35 38.518104516667755
2388 139.4 38.55512422216918
2389 139.45 38.592158931185196
2390 139.5 38.62920865219518
2391 139.55 38.666273393703065
2392 139.6 38.70335316423739
2393 139.65 38.740447972351326
2394 139.7 38.77755782662278
2395 139.75 38.814682735654436
2396 139.8 38.851822708073776
2397 139.85 38.888977752533236
2398 139.9 38.92614787771017
2399 139.95 38.96333309230699
2400 140.0 39.000533405051144
2401 140.05 39.03774882469525
2402 140.1 39.07497936001714
2403 140.15 39.1122250198199
2404 140.2 39.14948581293197
2405 140.25 39.186761748207154
2406 140.3 39.22405283452471
2407 140.35 39.261359080789454
2408 140.4 39.29868049593175
2409 140.45 39.336017088907624
2410 140.5 39.373368868698826
2411 140.55 39.41073584431287
2412 140.6 39.4481180247831
2413 140.65 39.485515419168784
2414 140.7 39.52292803655515
2415 140.75 39.56035588605349
2416 140.8 39.59779897680119
2417 140.85 39.63525731796177
2418 140.9 39.67273091872505
2419 140.95 39.7102197883071
2420 141.0 39.74772393595038
2421 141.05 39.785243370923794
2422 141.1 39.82277810252275
2423 141.15 39.86032814006922
2424 141.2 39.897893492911834
2425 141.25 39.93547417042592
2426 141.3 39.973070182013586
2427 141.35 40.010681537103785
2428 141.4 40.048308245152406
2429 141.45 40.08595031564232
2430 141.5 40.123607758083445
2431 141.55 40.161280582012864
2432 141.6 40.198968796994805
2433 141.65 40.23667241262079
2434 141.7 40.2743914385097
2435 141.75 40.31212588430781
2436 141.8 40.34987575968889
2437 141.85 40.387641074354285
2438 141.9 40.425421838032925
2439 141.95 40.46321806048148
2440 142.0 40.50102975148437
2441 142.05 40.538856920853895
2442 142.1 40.576699578430265
2443 142.15 40.614557734081686
2444 142.2 40.65243139770445
2445 142.25 40.69032057922297
2446 142.3 40.72822528858993
2447 142.35 40.76614553578626
2448 142.4 40.80408133082128
2449 142.45 40.84203268373277
2450 142.5 40.87999960458706
2451 142.55 40.91798210347903
2452 142.6 40.955980190532266
2453 142.65 40.99399387589914
2454 142.7 41.03202316976083
2455 142.75 41.07006808232743
2456 142.8 41.10812862383803
2457 142.85 41.14620480456081
2458 142.9 41.18429663479307
2459 142.95 41.22240412486138
2460 143.0 41.26052728512157
2461 143.05 41.29866612595893
2462 143.1 41.33682065778815
2463 143.15 41.37499089105352
2464 143.2 41.41317683622897
2465 143.25 41.45137850381812
2466 143.3 41.4895959043544
2467 143.35 41.527829048401124
2468 143.4 41.56607794655156
2469 143.45 41.60434260942903
2470 143.5 41.642623047686996
2471 143.55 41.68091927200912
2472 143.6 41.71923129310935
2473 143.65 41.75755912173206
2474 143.7 41.79590276865207
2475 143.75 41.83426224467476
2476 143.8 41.872637560636136
2477 143.85 41.911028727402964
2478 143.9 41.94943575587276
2479 143.95 41.98785865697402
2480 144.0 42.02629744166618
2481 144.05 42.06475212093974
2482 144.1 42.1032227058164
2483 144.15 42.1417092073491
2484 144.2 42.180211636622126
2485 144.25 42.218730004751166
2486 144.3 42.25726432288347
2487 144.35 42.295814602197865
2488 144.4 42.334380853904904
2489 144.45 42.37296308924691
2490 144.5 42.41156131949812
2491 144.55 42.45017555596474
2492 144.6 42.48880580998502
2493 144.65 42.52745209292938
2494 144.7 42.566114416200506
2495 144.75 42.604792791233415
2496 144.8 42.64348722949558
2497 144.85 42.68219774248701
2498 144.9 42.720924341740336
2499 144.95 42.75966703882093
2500 145.0 42.79842584532695
2501 145.05 42.83720077288952
2502 145.1 42.87599183317271
2503 145.15 42.914799037873784
2504 145.2 42.95362239872316
2505 145.25 42.992461927484584
2506 145.3 43.0313176359552
2507 145.35 43.070189535965646
2508 145.4 43.10907763938015
2509 145.45 43.14798195809669
2510 145.5 43.18690250404701
2511 145.55 43.22583928919675
2512 145.6 43.26479232554559
2513 145.65 43.30376162512729
2514 145.7 43.34274720000979
2515 145.75 43.381749062295405
2516 145.8 43.420767224120816
2517 145.85 43.459801697657205
2518 145.9 43.49885249511044
2519 145.95 43.537919628721035
2520 146.0 43.5770031107644
2521 146.05 43.61610295355082
2522 146.1 43.655219169425656
2523 146.15 43.69435177076942
2524 146.2 43.733500769997846
2525 146.25 43.77266617956206
2526 146.3 43.81184801194862
2527 146.35 43.85104627967967
2528 146.4 43.89026099531309
2529 146.45 43.92949217144248
2530 146.5 43.96873982069737
2531 146.55 44.00800395574332
2532 146.6 44.04728458928199
2533 146.65 44.086581734051286
2534 146.7 44.12589540282546
2535 146.75 44.16522560841525
2536 146.8 44.204572363667914
2537 146.85 44.24393568146741
2538 146.9 44.283315574734544
2539 146.95 44.32271205642696
2540 147.0 44.36212513953941
2541 147.05 44.401554837103724
2542 147.1 44.441001162189025
2543 147.15 44.480464127901804
2544 147.2 44.519943747386044
2545 147.25 44.55944003382334
2546 147.3 44.598953000433035
2547 147.35 44.63848266047228
2548 147.4 44.678029027236235
2549 147.45 44.71759211405813
2550 147.5 44.75717193430939
2551 147.55 44.7967685013998
2552 147.6 44.83638182877757
2553 147.65 44.87601192992949
2554 147.7 44.91565881838105
2555 147.75 44.95532250769654
2556 147.8 44.995003011479206
2557 147.85 45.034700343371384
2558 147.9 45.07441451705455
2559 147.95 45.11414554624955
2560 148.0 45.15389344471664
2561 148.05 45.19365822625565
2562 148.1 45.233439904706124
2563 148.15 45.273238493947424
2564 148.2 45.31305400789886
2565 148.25 45.35288646051984
2566 148.3 45.392735865809975
2567 148.35 45.43260223780922
2568 148.4 45.47248559059799
2569 148.45 45.51238593829736
2570 148.5 45.55230329506909
2571 148.55 45.592237675115825
2572 148.6 45.632189092681244
2573 148.65 45.672157562050145
2574 148.7 45.712143097548605
2575 148.75 45.752145713544095
2576 148.8 45.79216542444566
2577 148.85 45.83220224470403
2578 148.9 45.872256188811726
2579 148.95 45.91232727130326
2580 149.0 45.952415506755244
2581 149.05 45.992520909786506
2582 149.1 46.03264349505827
2583 149.15 46.07278327727425
2584 149.2 46.11294027118086
2585 149.25 46.15311449156731
2586 149.3 46.193305953265735
2587 149.35 46.23351467115139
2588 149.4 46.273740660142735
2589 149.45 46.313983935201634
2590 149.5 46.35424451133346
2591 149.55 46.39452240358726
2592 149.6 46.434817627055935
2593 149.65 46.475130196876286
2594 149.7 46.515460128229286
2595 149.75 46.55580743634016
2596 149.8 46.59617213647852
2597 149.85 46.63655424395859
2598 149.9 46.676953774139285
2599 149.95 46.71737074242437
2600 150.0 46.75780516426269
2601 150.05 46.79825705514823
2602 150.1 46.83872643062029
2603 150.15 46.87921330626371
2604 150.2 46.91971769770891
2605 150.25 46.960239620632166
2606 150.3 47.00077909075568
2607 150.35 47.04133612384777
2608 150.4 47.08191073572305
2609 150.45 47.12250294224255
2610 150.5 47.16311275931391
2611 150.55 47.20374020289152
2612 150.6 47.24438528897669
2613 150.65 47.28504803361781
2614 150.7 47.32572845291054
2615 150.75 47.366426562997916
2616 150.8 47.40714238007058
2617 150.85 47.44787592036691
2618 150.9 47.488627200173205
2619 150.95 47.529396235823846
2620 151.0 47.570183043701434
2621 151.05 47.610987640237035
2622 151.1 47.65181004191027
2623 151.15 47.69265026524951
2624 151.2 47.73350832683212
2625 151.25 47.77438424328453
2626 151.3 47.81527803128244
2627 151.35 47.85618970755104
2628 151.4 47.89711928886513
2629 151.45 47.938066792049334
2630 151.5 47.97903223397826
2631 151.55 48.020015631576676
2632 151.6 48.06101700181969
2633 151.65 48.10203636173296
2634 151.7 48.143073728392835
2635 151.75 48.184129118926556
2636 151.8 48.225202550512456
2637 151.85 48.2662940403801
2638 151.9 48.30740360581051
2639 151.95 48.34853126413632
2640 152.0 48.38967703274201
2641 152.05 48.43084092906405
2642 152.1 48.47202297059109
2643 152.15 48.51322317486418
2644 152.2 48.55444155947694
2645 152.25 48.595678142075755
2646 152.3 48.63693294035997
2647 152.35 48.67820597208206
2648 152.4 48.719497255047905
2649 152.45 48.76080680711688
2650 152.5 48.802134646202106
2651 152.55 48.84348079027066
2652 152.6 48.884845257343756
2653 152.65 48.92622806549692
2654 152.7 48.967629232860254
2655 152.75 49.009048777618574
2656 152.8 49.050486718011626
2657 152.85 49.09194307233436
2658 152.9 49.13341785893703
2659 152.95 49.174911096225465
2660 153.0 49.21642280266126
2661 153.05 49.257952996762
2662 153.1 49.29950169710145
2663 153.15 49.34106892230975
2664 153.2 49.38265469107367
2665 153.25 49.424259022136795
2666 153.3 49.46588193429974
2667 153.35 49.507523446420386
2668 153.4 49.54918357741407
2669 153.45 49.59086234625381
2670 153.5 49.63255977197053
2671 153.55 49.67427587365328
2672 153.6 49.716010670449464
2673 153.65 49.75776418156503
2674 153.7 49.79953642626473
2675 153.75 49.84132742387232
2676 153.8 49.883137193770814
2677 153.85 49.92496575540269
2678 153.9 49.966813128270076
2679 153.95 50.00867933193508
2680 154.0 50.05056438601994
2681 154.05 50.0924683102073
2682 154.1 50.13439112424041
2683 154.15 50.17633284792335
2684 154.2 50.21829350112132
2685 154.25 50.26027310376086
2686 154.3 50.30227167583002
2687 154.35 50.34428923737872
2688 154.4 50.386325808518855
2689 154.45 50.42838140942468
2690 154.5 50.47045606033294
2691 154.55 50.51254978154314
2692 154.6 50.55466259341785
2693 154.65 50.59679451638287
2694 154.7 50.63894557092754
2695 154.75 50.68111577760495
2696 154.8 50.72330515703223
2697 154.85 50.76551372989074
2698 154.9 50.807741516926434
2699 154.95 50.84998853894999
2700 155.0 50.892254816837124
2701 155.05 50.93454037152888
2702 155.1 50.97684522403184
2703 155.15 51.01916939541841
2704 155.2 51.06151290682707
2705 155.25 51.10387577946265
2706 155.3 51.1462580345966
2707 155.35 51.1886596935672
2708 155.4 51.23108077777995
2709 155.45 51.27352130870768
2710 155.5 51.315981307890986
2711 155.55 51.358460796938374
2712 155.6 51.40095979752661
2713 155.65 51.443478331400975
2714 155.7 51.48601642037552
2715 155.75 51.52857408633335
2716 155.8 51.57115135122696
2717 155.85 51.613748237078426
2718 155.9 51.65636476597978
2719 155.95 51.699000960093265
2720 156.0 51.74165684165156
2721 156.05 51.784332432958145
2722 156.1 51.82702775638758
2723 156.15 51.86974283438578
2724 156.2 51.91247768947028
2725 156.25 51.9552323442306
2726 156.3 51.998006821328495
2727 156.35 52.04080114349825
2728 156.4 52.08361533354701
2729 156.45 52.126449414355044
2730 156.5 52.16930340887609
2731 156.55 52.21217734013766
2732 156.6 52.255071231241295
2733 156.65 52.297985105362905
2734 156.7 52.340918985753106
2735 156.75 52.3838728957375
2736 156.8 52.42684685871698
2737 156.85 52.469840898168066
2738 156.9 52.51285503764326
2739 156.95 52.55588930077133
2740 157.0 52.598943711257554
2741 157.05 52.64201829288419
2742 157.1 52.68511306951071
2743 157.15 52.72822806507415
2744 157.2 52.77136330358942
2745 157.25 52.814518809149675
2746 157.3 52.857694605926596
2747 157.35 52.9008907181708
2748 157.4 52.9441071702121
2749 157.45 52.98734398645986
2750 157.5 53.030601191403406
2751 157.55 53.07387880961224
2752 157.6 53.11717686573653
2753 157.65 53.16049538450732
2754 157.7 53.203834390737
2755 157.75 53.24719390931958
2756 157.8 53.29057396523107
2757 157.85 53.33397458352981
2758 157.9 53.377395789356896
2759 157.95 53.420837607936434
2760 158.0 53.46430006457601
2761 158.05 53.507783184666955
2762 158.1 53.55128699368479
2763 158.15 53.594811517189555
2764 158.2 53.6383567808262
2765 158.25 53.68192281032491
2766 158.3 53.72550963150155
2767 158.35 53.769117270258
2768 158.4 53.81274575258254
2769 158.45 53.85639510455019
2770 158.5 53.90006535232319
2771 158.55 53.94375652215132
2772 158.6 53.98746864037229
2773 158.65 54.031201733412146
2774 158.7 54.074955827785644
2775 158.75 54.11873095009668
2776 158.8 54.16252712703866
2777 158.85 54.20634438539491
2778 158.9 54.2501827520391
2779 158.95 54.294042253935565
2780 159.0 54.337922918139846
2781 159.05 54.38182477179895
2782 159.1 54.42574784215193
2783 159.15 54.46969215653015
2784 159.2 54.51365774235778
2785 159.25 54.55764462715218
2786 159.3 54.6016528385244
2787 159.35 54.64568240417949
2788 159.4 54.68973335191703
2789 159.45 54.73380570963146
2790 159.5 54.77789950531265
2791 159.55 54.82201476704619
2792 159.6 54.86615152301393
2793 159.65 54.91030980149442
2794 159.7 54.95448963086325
2795 159.75 54.99869103959361
2796 159.8 55.04291405625669
2797 159.85 55.087158709522136
2798 159.9 55.13142502815854
2799 159.95 55.17571304103387
2800 160.0 55.22002277711589
2801 160.05 55.2643542654727
2802 160.1 55.30870753527315
2803 160.15 55.35308261578736
2804 160.2 55.39747953638714
2805 160.25 55.44189832654648
2806 160.3 55.486339015842034
2807 160.35 55.53080163395365
2808 160.4 55.57528621066478
2809 160.45 55.619792775862976
2810 160.5 55.664321359540445
2811 160.55 55.70887199179449
2812 160.6 55.753444702828
2813 160.65 55.79803952295001
2814 160.7 55.84265648257612
2815 160.75 55.88729561222908
2816 160.8 55.93195694253929
2817 160.85 55.97664050424523
2818 160.9 56.021346328194106
2819 160.95 56.06607444534226
2820 161.0 56.11082488675577
2821 161.05 56.155597683610935
2822 161.1 56.20039286719479
2823 161.15 56.24521046890572
2824 161.2 56.29005052025388
2825 161.25 56.334913052861864
2826 161.3 56.37979809846518
2827 161.35 56.42470568891276
2828 161.4 56.469635856167585
2829 161.45 56.514588632307195
2830 161.5 56.559564049524305
2831 161.55 56.60456214012728
2832 161.6 56.649582936540796
2833 161.65 56.694626471306314
2834 161.7 56.739692777082745
2835 161.75 56.784781886646975
2836 161.8 56.829893832894456
2837 161.85 56.87502864883977
2838 161.9 56.920186367617305
2839 161.95 56.9653670224817
2840 162.0 57.0105706468086
2841 162.05 57.05579727409516
2842 162.1 57.101046937960675
2843 162.15 57.14631967214719
2844 162.2 57.19161551052011
2845 162.25 57.23693448706883
2846 162.3 57.28227663590733
2847 162.35 57.32764199127484
2848 162.4 57.37303058753645
2849 162.45 57.418442459183716
2850 162.5 57.46387764083537
2851 162.55 57.50933616723786
2852 162.6 57.55481807326611
2853 162.65 57.6003233939241
2854 162.7 57.64585216434554
2855 162.75 57.69140441979452
2856 162.8 57.736980195666206
2857 162.85 57.78257807678756
2858 162.9 57.863240092091786
2859 162.95 57.94385459519895
2860 163.0 58.024421586109064
2861 163.05 58.10494106482207
2862 163.1 58.185413031338044
2863 163.15 58.26583748565693
2864 163.2 58.34621442777877
2865 163.25 58.426543857703535
2866 163.3 58.50682577543121
2867 163.35 58.58706018096182
2868 163.4 58.66724707429536
2869 163.45 58.74738645543183
2870 163.5 58.82747832437123
2871 163.55 58.90752268111356
2872 163.6 58.98751952565885
2873 163.65 59.067468858007025
2874 163.7 59.14737067815815
2875 163.75 59.227224986112184
2876 163.8 59.30703178186917
2877 163.85 59.38679106542907
2878 163.9 59.46650283679192
2879 163.95 59.54616709595771
2880 164.0 59.625783842926424
2881 164.05 59.705353077698064
2882 164.1 59.78487480027263
2883 164.15 59.86434901065014
2884 164.2 59.94377570883055
2885 164.25 60.023154894813935
2886 164.3 60.10248656860021
2887 164.35 60.18177073018944
2888 164.4 60.2610073795816
2889 164.45 60.340196516776686
2890 164.5 60.4193381417747
2891 164.55 60.498432254575654
2892 164.6 60.57747885517956
2893 164.65 60.65647794358635
2894 164.7 60.735429519796114
2895 164.75 60.81433358380879
2896 164.8 60.893190135624415
2897 164.85 60.97199917524297
2898 164.9 61.05076070266444
2899 164.95 61.12947471788884
2900 165.0 61.20814122091615
2901 165.05 61.286760211746426
2902 165.1 61.3653316903796
2903 165.15 61.44385565681572
2904 165.2 61.52233211105477
2905 165.25 61.600761053096775
2906 165.3 61.67914248294171
2907 165.35 61.75747640058955
2908 165.4 61.83576280604035
2909 165.45 61.91400169929404
2910 165.5 61.992193080350695
2911 165.55 62.070336949210265
2912 165.6 62.148433305872764
2913 165.65 62.22648215033819
2914 165.7 62.30448348260656
2915 165.75 62.38243730267785
2916 165.8 62.460343610552094
2917 165.85 62.538202406229246
2918 165.9 62.61601368970935
2919 165.95 62.693777460992365
2920 166.0 62.77149372007831
2921 166.05 62.849162466967186
2922 166.1 62.926783701659
2923 166.15 63.00435742415374
2924 166.2 63.08188363445141
2925 166.25 63.15936233255203
2926 166.3 63.23679351845556
2927 166.35 63.31417719216203
2928 166.4 63.39151335367142
2929 166.45 63.46880200298374
2930 166.5 63.546043140099
2931 166.55 63.62323676501719
2932 166.6 63.700382877738306
2933 166.65 63.77748147826235
2934 166.7 63.854532566589334
2935 166.75 63.931536142719246
2936 166.8 64.0084922066521
2937 166.85 64.08540075838786
2938 166.9 64.16226179792656
2939 166.95 64.23907532526819
2940 167.0 64.31584134041276
2941 167.05 64.39255984336026
2942 167.1 64.46923083411069
2943 167.15 64.54585431266405
2944 167.2 64.62243027902034
2945 167.25 64.69895873317955
2946 167.3 64.7754396751417
2947 167.35 64.85187310490677
2948 167.4 64.9282590224748
2949 167.45 65.00459742784575
2950 167.5 65.08088832101964
2951 167.55 65.15713170199645
2952 167.6 65.23332757077618
2953 167.65 65.30947592735885
2954 167.7 65.38557677174444
2955 167.75 65.46163010393296
2956 167.8 65.53763592392443
2957 167.85 65.61359423171882
2958 167.9 65.68950502731614
2959 167.95 65.7653683107164
2960 168.0 65.84118408191958
2961 168.05 65.91695234092569
2962 168.1 65.99267308773473
2963 168.15 66.0683463223467
2964 168.2 66.14397204476163
2965 168.25 66.21955025497947
2966 168.3 66.29508095300024
2967 168.35 66.37056413882394
2968 168.4 66.44599981245057
2969 168.45 66.52138797388012
2970 168.5 66.59672862311261
2971 168.55 66.67202176014806
2972 168.6 66.74726738498642
2973 168.65 66.8224654976277
2974 168.7 66.89761609807192
2975 168.75 66.97271918631907
2976 168.8 67.04777476236914
2977 168.85 67.12278282622215
2978 168.9 67.19774337787808
2979 168.95 67.27265641733698
2980 169.0 67.3475219445988
2981 169.05 67.42233995966355
2982 169.1 67.49711046253123
2983 169.15 67.57183345320182
2984 169.2 67.64650893167534
2985 169.25 67.7211368979518
2986 169.3 67.7957173520312
2987 169.35 67.87025029391351
2988 169.4 67.94473572359877
2989 169.45 68.01917364108695
2990 169.5 68.09356404637806
2991 169.55 68.1679069394721
2992 169.6 68.24220232036907
2993 169.65 68.31645018906897
2994 169.7 68.3906505455718
2995 169.75 68.46480338987756
2996 169.8 68.53890872198626
2997 169.85 68.6129665418979
2998 169.9 68.68697684961246
2999 169.95 68.76093964512995
3000 170.0 68.83485492845037
3001 170.05 68.90872269957372
3002 170.1 68.98254295850002
3003 170.15 69.05631570522925
3004 170.2 69.1300409397614
3005 170.25 69.20371866209649
3006 170.3 69.2773488722345
3007 170.35 69.35093157017543
3008 170.4 69.4244667559193
3009 170.45 69.49795442946609
3010 170.5 69.57139459081584
3011 170.55 69.64478723996852
3012 170.6 69.71813237692413
3013 170.65 69.79143000168267
3014 170.7 69.86468011424412
3015 170.75 69.9378827146085
3016 170.8 70.01103780277582
3017 170.85 70.08414537874606
3018 170.9 70.15720544251926
3019 170.95 70.23021799409536
3020 171.0 70.3031830334744
3021 171.05 70.37610056065637
3022 171.1 70.44897057564127
3023 171.15 70.5217930784291
3024 171.2 70.59456806901986
3025 171.25 70.66729554741354
3026 171.3 70.73997551361016
3027 171.35 70.81260796760974
3028 171.4 70.88519290941224
3029 171.45 70.95773033901766
3030 171.5 71.030220256426
3031 171.55 71.1026626616373
3032 171.6 71.1750575546515
3033 171.65 71.24740493546864
3034 171.7 71.3197048040887
3035 171.75 71.39195716051172
3036 171.8 71.46416200473767
3037 171.85 71.53631933676654
3038 171.9 71.60842915659835
3039 171.95 71.68049146423307
3040 172.0 71.75250625967072
3041 172.05 71.8244735429113
3042 172.1 71.89639331395482
3043 172.15 71.96826557280129
3044 172.2 72.04009031945067
3045 172.25 72.11186755390298
3046 172.3 72.18359727615822
3047 172.35 72.2552794862164
3048 172.4 72.3269141840775
3049 172.45 72.39850136974152
3050 172.5 72.47004104320851
3051 172.55 72.54153320447843
3052 172.6 72.61297785355127
3053 172.65 72.68437499042703
3054 172.7 72.75572461510572
3055 172.75 72.82702672758734
3056 172.8 72.89828132787189
3057 172.85 72.96948841595936
3058 172.9 73.04064799184977
3059 172.95 73.11176005554313
3060 173.0 73.18282460703941
3061 173.05 73.25384164633863
3062 173.1 73.32481117344076
3063 173.15 73.39573318834583
3064 173.2 73.46660769105382
3065 173.25 73.53743468156475
3066 173.3 73.60821415987863
3067 173.35 73.67894612599542
3068 173.4 73.74963057991515
3069 173.45 73.8202675216378
3070 173.5 73.89085695116339
3071 173.55 73.96139886849191
3072 173.6 74.03189327362335
3073 173.65 74.10234016655772
3074 173.7 74.17273954729505
3075 173.75 74.2430914158353
3076 173.8 74.31339577217848
3077 173.85 74.38365261632458
3078 173.9 74.45386194827361
3079 173.95 74.52402376802557
3080 174.0 74.59413807558046
3081 174.05 74.66420487093828
3082 174.1 74.73422415409905
3083 174.15 74.80419592506274
3084 174.2 74.87412018382936
3085 174.25 74.94399693039891
3086 174.3 75.01382616477139
3087 174.35 75.0836078869468
3088 174.4 75.15334209692513
3089 174.45 75.2230287947064
3090 174.5 75.29266798029062
3091 174.55 75.36225965367775
3092 174.6 75.43180381486782
3093 174.65 75.50130046386082
3094 174.7 75.57074960065674
3095 174.75 75.6401512252556
3096 174.8 75.70950533765738
3097 174.85 75.77881193786209
3098 174.9 75.84807102586973
3099 174.95 75.91728260168033
3100 175.0 75.98644666529384
3101 175.05 76.0555632167103
3102 175.1 76.12463225592967
3103 175.15 76.19365378295197
3104 175.2 76.2626277977772
3105 175.25 76.33155430040536
3106 175.3 76.40043329083645
3107 175.35 76.46926476907048
3108 175.4 76.53804873510744
3109 175.45 76.60678518894733
3110 175.5 76.67547413059015
3111 175.55 76.7441155600359
3112 175.6 76.81270947728457
3113 175.65 76.88125588233618
3114 175.7 76.94975477519074
3115 175.75 77.01820615584823
3116 175.8 77.08661002430864
3117 175.85 77.15496638057198
3118 175.9 77.22327522463824
3119 175.95 77.29153655650744
3120 176.0 77.35975037617956
3121 176.05 77.42791668365462
3122 176.1 77.4960354789326
3123 176.15 77.56410676201354
3124 176.2 77.63213053289739
3125 176.25 77.70010679158419
3126 176.3 77.7680355380739
3127 176.35 77.83591677236655
3128 176.4 77.90375049446212
3129 176.45 77.97153670436062
3130 176.5 78.03927540206205
3131 176.55 78.10696658756643
3132 176.6 78.17461026087373
3133 176.65 78.24220642198397
3134 176.7 78.30975507089713
3135 176.75 78.37725620761321
3136 176.8 78.44470983213223
3137 176.85 78.51211594445418
3138 176.9 78.57947454457906
3139 176.95 78.64678563250688
3140 177.0 78.71404920823764
3141 177.05 78.78126527177132
3142 177.1 78.84843382310792
3143 177.15 78.91555486224746
3144 177.2 78.98262838918993
3145 177.25 79.0496544039353
3146 177.3 79.11663290648366
3147 177.35 79.18356389683494
3148 177.4 79.25044737498914
3149 177.45 79.31728334094628
3150 177.5 79.38407179470634
3151 177.55 79.45081273626933
3152 177.6 79.51750616563523
3153 177.65 79.58415208280407
3154 177.7 79.65075048777584
3155 177.75 79.71730138055057
3156 177.8 79.78380476112822
3157 177.85 79.8502606295088
3158 177.9 79.9166689856923
3159 177.95 79.98302982967873
3160 178.0 80.04934316146809
3161 178.05 80.11560898106038
3162 178.1 80.1818272884556
3163 178.15 80.24799808365375
3164 178.2 80.31412136665485
3165 178.25 80.38019713745886
3166 178.3 80.44622539606581
3167 178.35 80.51220614247569
3168 178.4 80.5781393766885
3169 178.45 80.64402509870422
3170 178.5 80.70986330852291
3171 178.55 80.77565400614453
3172 178.6 80.84139719156907
3173 178.65 80.90709286479654
3174 178.7 80.97274102582693
3175 178.75 81.03834167466026
3176 178.8 81.10389481129651
3177 178.85 81.1694004357357
3178 178.9 81.23485854797784
3179 178.95 81.30026914802289
3180 179.0 81.36563223587088
3181 179.05 81.43094781152179
3182 179.1 81.49621587497563
3183 179.15 81.5614364262324
3184 179.2 81.6266094652921
