0 20 0
1 20.05 -0.01337807895152286
2 20.1 -0.026645964034638644
3 20.15 -0.039804407243870805
4 20.2 -0.052854150072673405
5 20.25 -0.06579592372866236
6 20.3 -0.0786304493430276
7 20.35 -0.09135843817432136
8 20.4 -0.10398059180681304
9 20.45 -0.11649760234358457
10 20.5 -0.1289101525945442
11 20.55 -0.1412189162595217
12 20.6 -0.15342455810660574
13 20.65 -0.16552773414587574
14 20.7 -0.17752909179867607
15 20.75 -0.18942927006257515
16 20.8 -0.20122889967214427
17 20.85 -0.21292860325568835
18 20.9 -0.22452899548805516
19 20.95 -0.23603068323964427
20 21.0 -0.2474342657217334
21 21.05 -0.25874033462823326
22 21.1 -0.26994947427398247
23 21.15 -0.2810622617296854
24 21.2 -0.29207926695359404
25 21.25 -0.30300105292003177
26 21.3 -0.3138281757448528
27 21.35 -0.32456118480792834
28 21.4 -0.33520062287274605
29 21.45 -0.3457470262032069
30 21.5 -0.35620092467770276
31 21.55 -0.3665628419005501
32 21.6 -0.37683329531085963
33 21.65 -0.3870127962889118
34 21.7 -0.3971018502601099
35 21.75 -0.4071009567965805
36 21.8 -0.4170106097164855
37 21.85 -0.4268312971811106
38 21.9 -0.43656350178979203
39 21.95 -0.4462077006727398
40 22.0 -0.45576436558181865
41 22.05 -0.46523396297933767
42 22.1 -0.4746169541249077
43 22.15 -0.4839137951604136
44 22.2 -0.4931249371931574
45 22.25 -0.502250826377217
46 22.3 -0.5112919039930695
47 22.35 -0.5202486065255253
48 22.4 -0.5291213657400176
49 22.45 -0.5379106087572892
50 22.5 -0.5466167581265193
51 22.55 -0.5552402318969302
52 22.6 -0.5637814436879135
53 22.65 -0.5722408027577143
54 22.7 -0.5806187140707079
55 22.75 -0.5889155783633079
56 22.8 -0.5971317922085381
57 22.85 -0.605267748079302
58 22.9 -0.6133238344103834
59 22.95 -0.621300435659209
60 23.0 -0.6291979323654038
61 23.05 -0.6370167012091692
62 23.1 -0.6447571150685119
63 23.15 -0.6524195430753523
64 23.2 -0.6600043506705418
65 23.25 -0.6675118996578088
66 23.3 -0.6749425482566686
67 23.35 -0.6822966511543123
68 23.4 -0.6895745595565068
69 23.45 -0.6967766212375253
70 23.5 -0.7039031805891314
71 23.55 -0.7109545786686404
72 23.6 -0.7179311532460789
73 23.65 -0.7248332388504631
74 23.7 -0.7316611668152165
75 23.75 -0.7384152653227477
76 23.8 -0.7450958594482058
77 23.85 -0.7517032712024341
78 23.9 -0.7582378195741394
79 23.95 -0.7646998205712947
80 24.0 -0.771089587261792
81 24.05 -0.7774074298133639
82 24.1 -0.7836536555327879
83 24.15 -0.7898285689043917
84 24.2 -0.7959324716278734
85 24.25 -0.8019656626554518
86 24.3 -0.8079284382283625
87 24.35 -0.8138210919127132
88 24.4 -0.8196439146347131
89 24.45 -0.8253971947152878
90 24.5 -0.8310812179040965
91 24.55 -0.8366962674129608
92 24.6 -0.84224262394872
93 24.65 -0.8477205657455241
94 24.7 -0.853130368596577
95 24.75 -0.8584723058853404
96 24.8 -0.863746648616212
97 24.85 -0.868953665444686
98 24.9 -0.8740936227070093
99 24.95 -0.879166784449343
100 25.0 -0.8841734124564385
101 25.05 -0.8891137662798396
102 25.1 -0.8939881032656194
103 25.15 -0.8987966785816627
104 25.2 -0.9035397452445013
105 25.25 -0.9082175541457129
106 25.3 -0.9128303540778914
107 25.35 -0.9173783917601983
108 25.4 -0.9218619118635025
109 25.45 -0.926281157035117
110 25.5 -0.930636367923141
111 25.55 -0.9349277832004148
112 25.6 -0.9391556395880953
113 25.65 -0.9433201718788593
114 25.7 -0.9474216129597423
115 25.75 -0.9514601938346194
116 25.8 -0.9554361436463362
117 25.85 -0.9593496896984949
118 25.9 -0.9632010574769037
119 25.95 -0.9669904706706954
120 26.0 -0.9707181511931217
121 26.05 -0.9743843192020286
122 26.1 -0.9779891931200207
123 26.15 -0.9815329896543181
124 26.2 -0.9850159238163132
125 26.25 -0.9884382089408328
126 26.3 -0.9918000567051107
127 26.35 -0.9951016771474764
128 26.4 -0.9983432786857647
129 26.45 -1.0015250681354524
130 26.5 -1.004647250727526
131 26.55 -1.0077100301260857
132 26.6 -1.010713608445692
133 26.65 -1.0136581862684564
134 26.7 -1.0165439626608832
135 26.75 -1.0193711351904677
136 26.8 -1.0221398999420528
137 26.85 -1.024850451533949
138 26.9 -1.0275029831338236
139 26.95 -1.030097686474362
140 27.0 -1.0326347518687042
141 27.05 -1.035114368225663
142 27.1 -1.0375367230647246
143 27.15 -1.0399020025308392
144 27.2 -1.0422103914090017
145 27.25 -1.0444620731386285
146 27.3 -1.0466572298277317
147 27.35 -1.0487960422668983
148 27.4 -1.0508786899430724
149 27.45 -1.0529053510531488
150 27.5 -1.0548762025173768
151 27.55 -1.0567914199925816
152 27.6 -1.0586511778852035
153 27.65 -1.0604556493641584
154 27.7 -1.0622050063735249
155 27.75 -1.0638994196450573
156 27.8 -1.0655390587105305
157 27.85 -1.0671240919139175
158 27.9 -1.0686546864234052
159 27.95 -1.0701310082432467
160 28.0 -1.071553222225457
161 28.05 -1.0729214920813523
162 28.1 -1.0742359803929378
163 28.15 -1.0754968486241423
164 28.2 -1.0767042571319074
165 28.25 -1.077858365177129
166 28.3 -1.0789593309354564
167 28.35 -1.0800073115079514
168 28.4 -1.0810024629316066
169 28.45 -1.0819449401897294
170 28.5 -1.08283489722219
171 28.55 -1.0836724869355385
172 28.6 -1.0844578612129923
173 28.65 -1.0851911709242936
174 28.7 -1.085872565935444
175 28.75 -1.0865021951183127
176 28.8 -1.0870802063601237
177 28.85 -1.0876067465728239
178 28.9 -1.0880819617023312
179 28.95 -1.0885059967376685
180 29.0 -1.0888789957199814
181 29.05 -1.089201101751444
182 29.1 -1.0894724570040544
183 29.15 -1.0896932027283197
184 29.2 -1.0898634792618347
185 29.25 -1.0899834260377534
186 29.3 -1.0900531815931584
187 29.35 -1.090072883577325
188 29.4 -1.0900426687598856
189 29.45 -1.0899626730388956
190 29.5 -1.0898330314487983
191 29.55 -1.0896538781682965
192 29.6 -1.089425346528127
193 29.65 -1.0891475690187413
194 29.7 -1.0888206772978957
195 29.75 -1.088444802198148
196 29.8 -1.0880200737342676
197 29.85 -1.087546621110554
198 29.9 -1.0870245727280718
199 29.95 -1.0864540561917972
200 30.0 -1.085835198317682
201 30.05 -1.085168125139633
202 30.1 -1.084452961916411
203 30.15 -1.0836898331384477
204 30.2 -1.0828788625345835
205 30.25 -1.0820201730787273
206 30.3 -1.0811138869964385
207 30.35 -1.0801601257714328
208 30.4 -1.079159010152013
209 30.45 -1.0781106601574262
210 30.5 -1.0770151950841473
211 30.55 -1.0758727335120917
212 30.6 -1.0746833933107551
213 30.65 -1.0734472916452864
214 30.7 -1.0721645449824886
215 30.75 -1.0708352690967538
216 30.8 -1.0694595790759305
217 30.85 -1.0680375893271248
218 30.9 -1.066569413582437
219 30.95 -1.0650551649046334
220 31.0 -1.0634949556927547
221 31.05 -1.0618888976876626
222 31.1 -1.0602371019775247
223 31.15 -1.0585396790032382
224 31.2 -1.0567967385637935
225 31.25 -1.0550083898215799
226 31.3 -1.0531747413076318
227 31.35 -1.0512959009268183
228 31.4 -1.0493719759629756
229 31.45 -1.0474030730839834
230 31.5 -1.0453892983467865
231 31.55 -1.0433307572023618
232 31.6 -1.0412275545006315
233 31.65 -1.0390797944953238
234 31.7 -1.0368875808487805
235 31.75 -1.0346510166367135
236 31.8 -1.032370204352911
237 31.85 -1.0300452459138922
238 31.9 -1.0276762426635138
239 31.95 -1.0252632953775263
240 32.0 -1.0228065042680832
241 32.05 -1.0203059689882021
242 32.1 -1.0177617886361787
243 32.15 -1.0151740617599545
244 32.2 -1.012542886361439
245 32.25 -1.009868359900786
246 32.3 -1.0071505793006268
247 32.35 -1.004389640950257
248 32.4 -1.001585640709783
249 32.45 -0.9987386739142219
250 32.5 -0.9958488353775627
251 32.55 -0.9929162193967833
252 32.6 -0.9899409197558269
253 32.65 -0.986923029729538
254 32.7 -0.983862642087558
255 32.75 -0.9807598490981806
256 32.8 -0.9776147425321687
257 32.85 -0.9744274136665325
258 32.9 -0.9711979532882687
259 32.95 -0.9679264516980629
260 33.0 -0.9646129987139538
261 33.05 -0.9612576836749613
262 33.1 -0.9578605954446784
263 33.15 -0.9544218224148259
264 33.2 -0.9509414525087733
265 33.25 -0.9474195731850235
266 33.3 -0.9438562714406638
267 33.35 -0.9402516338147818
268 33.4 -0.9366057463918486
269 33.45 -0.9329186948050674
270 33.5 -0.9291905642396907
271 33.55 -0.9254214394363037
272 33.6 -0.9216114046940763
273 33.65 -0.9177605438739831
274 33.7 -0.9138689404019918
275 33.75 -0.9099366772722218
276 33.8 -0.9059638370500702
277 33.85 -0.9019505018753095
278 33.9 -0.8978967534651542
279 33.95 -0.8938026731172989
280 34.0 -0.889668341712926
281 34.05 -0.8854938397196856
282 34.1 -0.8812792471946466
283 34.15 -0.8770246437872196
284 34.2 -0.8727301087420519
285 34.25 -0.8683957209018958
286 34.3 -0.8640215587104481
287 34.35 -0.8596077002151649
288 34.4 -0.855154223070048
289 34.45 -0.8506612045384062
290 34.5 -0.8461287214955908
291 34.55 -0.8415568504317041
292 34.6 -0.8369456674542846
293 34.65 -0.8322952482909651
294 34.7 -0.8276056682921085
295 34.75 -0.8228770024334165
296 34.8 -0.8181093253185167
297 34.85 -0.8133027111815232
298 34.9 -0.8084572338895764
299 34.95 -0.8035729669453567
300 35.0 -0.7986499834895777
301 35.05 -0.7936883563034544
302 35.1 -0.7886881578111503
303 35.15 -0.7836494600822017
304 35.2 -0.7785723348339199
305 35.25 -0.7734568534337715
306 35.3 -0.7683030869017377
307 35.35 -0.7631111059126515
308 35.4 -0.7578809807985151
309 35.45 -0.7526127815507943
310 35.5 -0.7473065778226947
311 35.55 -0.7419624389314159
312 35.6 -0.7365804338603864
313 35.65 -0.7311606312614785
314 35.7 -0.7257030994572023
315 35.75 -0.7202079064428822
316 35.8 -0.7146751198888127
317 35.85 -0.7091048071423955
318 35.9 -0.703497035230258
319 35.95 -0.6978518708603527
320 36.0 -0.6921693804240386
321 36.05 -0.6864496299981444
322 36.1 -0.6806926853470127
323 36.15 -0.6748986119245277
324 36.2 -0.6690674748761244
325 36.25 -0.6631993390407805
326 36.3 -0.6572942689529913
327 36.35 -0.6513523288447272
328 36.4 -0.6453735826473739
329 36.45 -0.6393580939936573
330 36.5 -0.6333059262195497
331 36.55 -0.6272171423661621
332 36.6 -0.6210918051816179
333 36.65 -0.6149299771229119
334 36.7 -0.6087317203577541
335 36.75 -0.6024970967663962
336 36.8 -0.5962261679434433
337 36.85 -0.58991899519965
338 36.9 -0.5835756395637024
339 36.95 -0.5771961617839837
340 37.0 -0.5707806223303252
341 37.05 -0.5643290813957433
342 37.1 -0.5578415988981612
343 37.15 -0.551318234482116
344 37.2 -0.5447590475204525
345 37.25 -0.5381640971160017
346 37.3 -0.531533442103247
347 37.35 -0.524867141049974
348 37.4 -0.5181652522589091
349 37.45 -0.5114278337693431
350 37.5 -0.5046549433587421
351 37.55 -0.49784663854434413
352 37.6 -0.4910029765847443
353 37.65 -0.48412401448146514
354 37.7 -0.4772098089805153
355 37.75 -0.4702604165739349
356 37.8 -0.4632758935013289
357 37.85 -0.45625629575138665
358 37.9 -0.44920167906339037
359 37.95 -0.442112098928712
360 38.0 -0.4349876105922951
361 38.05 -0.42782826905412774
362 38.1 -0.42063412907070163
363 38.15 -0.4134052451564612
364 38.2 -0.4061416715852388
365 38.25 -0.3988434623916803
366 38.3 -0.39151067137265855
367 38.35 -0.38414335208867534
368 38.4 -0.37674155786525315
369 38.45 -0.3693053417943136
370 38.5 -0.36183475673554727
371 38.55 -0.35432985531777245
372 38.6 -0.34679068994028106
373 38.65 -0.3392173127741768
374 38.7 -0.33160977576370043
375 38.75 -0.3239681306275452
376 38.8 -0.3162924288601628
377 38.85 -0.30858272173305806
378 38.9 -0.3008390602960752
379 38.95 -0.29306149537867116
380 39.0 -0.285250077591181
381 39.05 -0.27740485732607273
382 39.1 -0.2695258847591946
383 39.15 -0.2616132098510088
384 39.2 -0.25366688234781815
385 39.25 -0.245686951782983
386 39.3 -0.2376734674781284
387 39.35 -0.22962647854434168
388 39.4 -0.22154603388336244
389 39.45 -0.21343218218876092
390 39.5 -0.2052849719471093
391 39.55 -0.19710445143914312
392 39.6 -0.18889066874091437
393 39.65 -0.18064367172493492
394 39.7 -0.17236350806131295
395 39.75 -0.16405022521887827
396 39.8 -0.15570387046630127
397 39.85 -0.14732449087320276
398 39.9 -0.13891213331125543
399 39.95 -0.13046684445527573
400 40.0 -0.12198867078430974
401 40.05 -0.11347765858270968
402 40.1 -0.10493385394120264
403 40.15 -0.09635730275795028
404 40.2 -0.08774805073960286
405 40.25 -0.07910614340234272
406 40.3 -0.0704316260729218
407 40.35 -0.061724543889692174
408 40.4 -0.05298494180362519
409 40.45 -0.04421286457932794
410 40.5 -0.035408356796048916
411 40.55 -0.026571462848676942
412 40.6 -0.017702226948733253
413 40.65 -0.008800693125356633
414 40.7 0.0001330947737196702
415 40.75 0.009099093081199017
416 40.8 0.01809725830925553
417 40.85 0.02712754714858191
418 40.9 0.036189916467435926
419 40.95 0.04528432331070242
420 41.0 0.05441072489895585
421 41.05 0.06356907862753196
422 41.1 0.07275934206560614
423 41.15 0.08198147295527818
424 41.2 0.09123542921066471
425 41.25 0.10052116891699645
426 41.3 0.10983865032972216
427 41.35 0.11918783187362149
428 41.4 0.12856867214191997
429 41.45 0.13798112989541447
430 41.5 0.14742516406160236
431 41.55 0.15690073373381783
432 41.6 0.16640779817037443
433 41.65 0.17594631679371298
434 41.7 0.18551624918955611
435 41.75 0.1951175551060695
436 41.8 0.20475019445302625
437 41.85 0.2144141273009817
438 41.9 0.2241093138804499
439 41.95 0.23383571458108793
440 42.0 0.24359328995088547
441 42.05 0.2533820006953603
442 42.1 0.26320180767675927
443 42.15 0.27305267191326427
444 42.2 0.2829345545782053
445 42.25 0.29284741699927763
446 42.3 0.3027912206577631
447 42.35 0.3127659271877632
448 42.4 0.32277149837542757
449 42.45 0.33280789615819645
450 42.5 0.3428750826240439
451 42.55 0.3529730200107271
452 42.6 0.36310167070504246
453 42.65 0.3732609972420834
454 42.7 0.383450962304508
455 42.75 0.39367152872180694
456 42.8 0.4039226594695786
457 42.85 0.4142043176688099
458 42.9 0.4245164665851618
459 42.95 0.4348590696282585
460 43.0 0.4452320903509809
461 43.05 0.45563549244876755
462 43.1 0.4660692397589183
463 43.15 0.4765332962599034
464 43.2 0.48702762607067646
465 43.25 0.4975521934499941
466 43.3 0.5081069627957371
467 43.35 0.5186918986442396
468 43.4 0.5293069656696182
469 43.45 0.5399521286831132
470 43.5 0.5506273526324221
471 43.55 0.561332602601053
472 43.6 0.5720678438076698
473 43.65 0.5828330416054462
474 43.7 0.5936281614814244
475 43.75 0.6044531690558799
476 43.8 0.6153080300816836
477 43.85 0.626192710443678
478 43.9 0.6371071761580499
479 43.95 0.6480513933717087
480 44.0 0.6590253283616715
481 44.05 0.670028947534452
482 44.1 0.6810622174254478
483 44.15 0.6921251046983392
484 44.2 0.7032175761444891
485 44.25 0.7143395986823436
486 44.3 0.7254911393568418
487 44.35 0.7366721653388255
488 44.4 0.7478826439244564
489 44.45 0.7591225425346335
490 44.5 0.7703918287144137
491 44.55 0.781690470132444
492 44.6 0.793018434580386
493 44.65 0.8043756899723529
494 44.7 0.8157622043443451
495 44.75 0.8271779458536941
496 44.8 0.8386228827785039
497 44.85 0.850096983517102
498 44.9 0.8616002165874893
499 44.95 0.8731325506267986
500 45.0 0.8846939543907499
501 45.05 0.8962843967531136
502 45.1 0.907903846705179
503 45.15 0.9195522733552218
504 45.2 0.9312296459279763
505 45.25 0.9429359337641098
506 45.3 0.9546711063197078
507 45.35 0.9664351331657505
508 45.4 0.978227983987601
509 45.45 0.9900496285844956
510 45.5 1.001900036869035
511 45.55 1.0137791788666795
512 45.6 1.0256870247152503
513 45.65 1.0376235446644266
514 45.7 1.049588709075258
515 45.75 1.0615824884196658
516 45.8 1.073604853279959
517 45.85 1.0856557743483448
518 45.9 1.0977352224264507
519 45.95 1.1098431684248402
520 46.0 1.121979583362541
521 46.05 1.1341444383665655
522 46.1 1.1463377046714482
523 46.15 1.1585593536187695
524 46.2 1.1708093566566973
525 46.25 1.1830876853395214
526 46.3 1.1953943113271968
527 46.35 1.207729206384885
528 46.4 1.2200923423825047
529 46.45 1.2324836912942754
530 46.5 1.2449032251982772
531 46.55 1.2573509162759973
532 46.6 1.2698267368118938
533 46.65 1.2823306591929542
534 46.7 1.2948626559082579
535 46.75 1.3074226995485427
536 46.8 1.3200107628057764
537 46.85 1.3326268184727188
538 46.9 1.3452708394425068
539 46.95 1.357942798708223
540 47.0 1.3706426693624763
541 47.05 1.3833704245969833
542 47.1 1.3961260377021558
543 47.15 1.4089094820666814
544 47.2 1.4217207311771163
545 47.25 1.434559758617477
546 47.3 1.4474265380688323
547 47.35 1.4603210433089029
548 47.4 1.4732432482116549
549 47.45 1.4861931267469055
550 47.5 1.4991706529799258
551 47.55 1.512175801071046
552 47.6 1.5252085452752653
553 47.65 1.538268859941859
554 47.7 1.551356719513998
555 47.75 1.5644720985283587
556 47.8 1.5776149716147423
557 47.85 1.5907853134956953
558 47.9 1.6039830989861297
559 47.95 1.6172083029929518
560 48.0 1.6304609005146848
561 48.05 1.6437408666410984
562 48.1 1.6570481765528429
563 48.15 1.6703828055210777
564 48.2 1.6837447289071112
565 48.25 1.6971339221620383
566 48.3 1.7105503608263748
567 48.35 1.7239940205297055
568 48.4 1.7374648769903238
569 48.45 1.7509629060148824
570 48.5 1.764488083498038
571 48.55 1.7780403854220996
572 48.6 1.7916197878566875
573 48.65 1.8052262669583803
574 48.7 1.8188597989703765
575 48.75 1.8325203602221518
576 48.8 1.8462079271291165
577 48.85 1.8599224761922806
578 48.9 1.8736639839979177
579 48.95 1.8874324272172305
580 49.0 1.9012277826060204
581 49.05 1.9150500270043544
582 49.1 1.9288991373362412
583 49.15 1.942775090609303
584 49.2 1.956677863914451
585 49.25 1.9706074344255635
586 49.3 1.9845637793991644
587 49.35 1.9985468761741092
588 49.4 2.012556702171261
589 49.45 2.026593234893181
590 49.5 2.0406564519238115
591 49.55 2.0547463309281686
592 49.6 2.06886284965203
593 49.65 2.0830059859216274
594 49.7 2.0971757176433394
595 49.75 2.1113720228033914
596 49.8 2.1255948794675485
597 49.85 2.139844265780815
598 49.9 2.1541201599671402
599 49.95 2.1684225403291126
600 50.0 2.1827513852476734
601 50.05 2.1971066731818145
602 50.1 2.2114883826682923
603 50.15 2.2258964923213305
604 50.2 2.2403309808323404
605 50.25 2.2547918269696203
606 50.3 2.269279009578083
607 50.35 2.2837925075789625
608 50.4 2.298332299969537
609 50.45 2.3128983658228446
610 50.5 2.3274906842874006
611 50.55 2.3421092345869305
612 50.6 2.3567539960200805
613 50.65 2.371424947960155
614 50.7 2.3861220698548316
615 50.75 2.400845341225899
616 50.8 2.4155947416689822
617 50.85 2.4303702508532745
618 50.9 2.445171848521269
619 50.95 2.459999514488495
620 51.0 2.474853228643256
621 51.05 2.4897329709463607
622 51.1 2.5046387214308674
623 51.15 2.5195704602018187
624 51.2 2.5345281674359907
625 51.25 2.5495118233816285
626 51.3 2.5645214083581953
627 51.35 2.5795569027561163
628 51.4 2.594618287036526
629 51.45 2.6097055417310173
630 51.5 2.6248186474413937
631 51.55 2.6399575848394186
632 51.6 2.655122334666564
633 51.65 2.6703128777337746
634 51.7 2.685529194921213
635 51.75 2.700771267178024
636 51.8 2.716039075522091
637 51.85 2.731332601039792
638 51.9 2.746651824885764
639 51.95 2.7619967282826647
640 52.0 2.777367292520934
641 52.05 2.7927634989585615
642 52.1 2.808185329020851
643 52.15 2.8236327642001893
644 52.2 2.839105786055812
645 52.25 2.854604376213575
646 52.3 2.8701285163657264
647 52.35 2.885678188270677
648 52.4 2.9012533737527746
649 52.45 2.9168540547020814
650 52.5 2.9324802130741454
651 52.55 2.94813183088978
652 52.6 2.963808890234843
653 52.65 2.979511373260017
654 52.7 2.9952392621805863
655 52.75 3.0109925392762236
656 52.8 3.0267711868907683
657 52.85 3.0425751874320195
658 52.9 3.058404523371507
659 52.95 3.0742591772442953
660 53.0 3.090139131648758
661 53.05 3.106044369246373
662 53.1 3.12197487276151
663 53.15 3.1379306249812244
664 53.2 3.15391160875505
665 53.25 3.169917806994784
666 53.3 3.1859492026742973
667 53.35 3.2020057788293155
668 53.4 3.2180875185572226
669 53.45 3.234194405016857
670 53.5 3.250326421428312
671 53.55 3.2664835510727337
672 53.6 3.2826657772921246
673 53.65 3.2988730834891444
674 53.7 3.315105453126912
675 53.75 3.3313628697288125
676 53.8 3.3476453168782982
677 53.85 3.3639527782187018
678 53.9 3.3802852374530348
679 53.95 3.396642678343803
680 54.0 3.4130250847128156
681 54.05 3.4294324404409893
682 54.1 3.445864729468169
683 54.15 3.4623219357929296
684 54.2 3.478804043472399
685 54.25 3.495311036622065
686 54.3 3.5118428994155964
687 54.35 3.5283996160846565
688 54.4 3.5449811709187236
689 54.45 3.5615875482649004
690 54.5 3.578218732527744
691 54.55 3.594874708169081
692 54.6 3.611555459707828
693 54.65 3.6282609717198158
694 54.7 3.6449912288376103
695 54.75 3.661746215750336
696 54.8 3.6785259172035083
697 54.85 3.6953303179988466
698 54.9 3.7121594029941125
699 54.95 3.7290131571029304
700 55.0 3.7458915652946185
701 55.05 3.7627946125940186
702 55.1 3.7797222840813247
703 55.15 3.796674564891915
704 55.2 3.8136514402161854
705 55.25 3.830652895299382
706 55.3 3.8476789154414317
707 55.35 3.864729485996782
708 55.4 3.88180459237423
709 55.45 3.8989042200367674
710 55.5 3.9160283545014107
711 55.55 3.9331769813390407
712 55.6 3.950350086174249
713 55.65 3.9675476546851596
714 55.7 3.984769672603293
715 55.75 4.002016125713386
716 55.8 4.01928699985325
717 55.85 4.036582280913606
718 55.9 4.053901954837932
719 55.95 4.071246007622303
720 56.0 4.088614425315242
721 56.05 4.1060071940175655
722 56.1 4.123424299882226
723 56.15 4.140865729114163
724 56.2 4.158331467970153
725 56.25 4.175821502758659
726 56.3 4.193335819839674
727 56.35 4.210874405624588
728 56.4 4.2284372465760205
729 56.45 4.2460243292076845
730 56.5 4.263635640084239
731 56.55 4.281271165821138
732 56.6 4.298930893084494
733 56.65 4.316614808590923
734 56.7 4.334322899107408
735 56.75 4.352055151451161
736 56.8 4.369811552489463
737 56.85 4.387592089139541
738 56.9 4.405396748368414
739 56.95 4.423225517192767
740 57.0 4.441078382678801
741 57.05 4.458955331942094
742 57.1 4.476856352147471
743 57.15 4.49478143050886
744 57.2 4.512730554289159
745 57.25 4.530703710800097
746 57.3 4.548700887402104
747 57.35 4.5667220715041745
748 57.4 4.584767250563731
749 57.45 4.602836412086494
750 57.5 4.620929543626349
751 57.55 4.639046632785215
752 57.6 4.657187667212916
753 57.65 4.675352634607045
754 57.7 4.6935415227128425
755 57.75 4.711754319323057
756 57.8 4.7299910122778295
757 57.85 4.748251589464551
758 57.9 4.766536038817751
759 57.95 4.7848443483189635
760 58.0 4.803176505996598
761 58.05 4.82153249992582
762 58.1 4.8399123182284285
763 58.15 4.858315949072726
764 58.2 4.876743380673398
765 58.25 4.895194601291392
766 58.3 4.913669599233795
767 58.35 4.932168362853712
768 58.4 4.950690880550146
769 58.45 4.969237140767875
770 58.5 4.9878071319973385
771 58.55 5.0064008427745135
772 58.6 5.025018261680798
773 58.65 5.043659377342899
774 58.7 5.062324178432705
775 58.75 5.081012653667177
776 58.8 5.099724791808233
777 58.85 5.118460581662627
778 58.9 5.137220012081843
779 58.95 5.156003071961974
780 59.0 5.174809750243612
781 59.05 5.193640035911736
782 59.1 5.212493917995598
783 59.15 5.231371385568608
784 59.2 5.250272427748231
785 59.25 5.269197033695871
786 59.3 5.288145192616764
787 59.35 5.307116893759864
788 59.4 5.32611212641774
789 59.45 5.345130879926462
790 59.5 5.364173143665498
791 59.55 5.383238907057612
792 59.6 5.402328159568738
793 59.65 5.421440890707896
794 59.7 5.440577090027077
795 59.75 5.459736747121136
796 59.8 5.478919851627691
797 59.85 5.498126393227018
798 59.9 5.517356361641948
799 59.95 5.536609746637766
800 60.0 5.555886538022103
801 60.05 5.57518672564484
802 60.1 5.594510299398008
803 60.15 5.613857249215683
804 60.2 5.6332275650738834
805 60.25 5.6526212369904805
806 60.3 5.672038255025088
807 60.35 5.691478609278971
808 60.4 5.710942289894943
809 60.45 5.730429287057276
810 60.5 5.749939590991594
811 60.55 5.769473191964776
812 60.6 5.789030080284872
813 60.65 5.808610246301
814 60.7 5.828213680403245
815 60.75 5.847840373022576
816 60.8 5.867490314630742
817 60.85 5.887163495740183
818 60.9 5.906859906903936
819 60.95 5.9265795387155435
820 61.0 5.946322381808959
821 61.05 5.966088426858458
822 61.1 5.985877664578546
823 61.15 6.005690085723864
824 61.2 6.025525681089108
825 61.25 6.045384441508924
826 61.3 6.065266357857832
827 61.35 6.085171421050132
828 61.4 6.1050996220398135
829 61.45 6.125050951820472
830 61.5 6.1450254014252215
831 61.55 6.165022961926601
832 61.6 6.185043624436493
833 61.65 6.205087380106036
834 61.7 6.2251542201255425
835 61.75 6.245244135724411
836 61.8 6.265357118171037
837 61.85 6.285493158772734
838 61.9 6.3056522488756475
839 61.95 6.3258343798646735
840 62.0 6.346039543163373
841 62.05 6.366267730233893
842 62.1 6.386518932576874
843 62.15 6.406793141731385
844 62.2 6.427090349274829
845 62.25 6.44741054682287
846 62.3 6.467753726029341
847 62.35 6.488119878586176
848 62.4 6.5085089962233305
849 62.45 6.528921070708691
850 62.5 6.549356093848008
851 62.55 6.56981405748481
852 62.6 6.5902949535003295
853 62.65 6.610798773813426
854 62.7 6.6313255103805036
855 62.75 6.651875155195443
856 62.8 6.672447700289515
857 62.85 6.693043137731309
858 62.9 6.713661459626667
859 62.95 6.73430265811859
860 63.0 6.754966725387184
861 63.05 6.775653653649561
862 63.1 6.796363435159783
863 63.15 6.817096062208797
864 63.2 6.837851527124334
865 63.25 6.8586298222708555
866 63.3 6.87943094004948
867 63.35 6.900254872897911
868 63.4 6.921101613290354
869 63.45 6.94197115373746
870 63.5 6.96286348678625
871 63.55 6.983778605020041
872 63.6 7.004716501058377
873 63.65 7.025677167556966
874 63.7 7.046660597207601
875 63.75 7.067666782738093
876 63.8 7.088695716912215
877 63.85 7.109747392529619
878 63.9 7.130821802425766
879 63.95 7.151918939471873
880 64.0 7.173038796574841
881 64.05 7.194181366677183
882 64.1 7.21534664275696
883 64.15 7.236534617827716
884 64.2 7.257745284938414
885 64.25 7.278978637173366
886 64.3 7.300234667652174
887 64.35 7.321513369529662
888 64.4 7.342814735995819
889 64.45 7.364138760275718
890 64.5 7.385485435629465
891 64.55 7.406854755352144
892 64.6 7.428246712773737
893 64.65 7.4496613012590664
894 64.7 7.471098514207743
895 64.75 7.492558345054092
896 64.8 7.514040787267101
897 64.85 7.5355458343503505
898 64.9 7.557073479841958
899 64.95 7.578623717314523
900 65.0 7.6001965403750535
901 65.05 7.621791942664918
902 65.1 7.643409917859783
903 65.15 7.665050459669547
904 65.2 7.686713561838298
905 65.25 7.70839921814424
906 65.3 7.7301074223996356
907 65.35 7.751838168450765
908 65.4 7.773591450177847
909 65.45 7.795367261494995
910 65.5 7.817165596350158
911 65.55 7.838986448725062
912 65.6 7.860829812635158
913 65.65 7.882695682129558
914 65.7 7.904584051290991
915 65.75 7.926494914235743
916 65.8 7.948428265113599
917 65.85 7.9703840981077905
918 65.9 7.992362407434943
919 65.95 8.014363187345023
920 66.0 8.036386432121281
921 66.05 8.058432136080201
922 66.1 8.080500293571445
923 66.15 8.10259089897781
924 66.2 8.124703946715158
925 66.25 8.146839431232381
926 66.3 8.16899734701134
927 66.35 8.191177688566817
928 66.4 8.213380450446461
929 66.45 8.235605627230745
930 66.5 8.257853213532908
931 66.55 8.280123203998908
932 66.6 8.302415593307371
933 66.65 8.324730376169539
934 66.7 8.34706754732923
935 66.75 8.369427101562781
936 66.8 8.391809033678994
937 66.85 8.414213338519106
938 66.9 8.436640010956726
939 66.95 8.459089045897791
940 67.0 8.481560438280514
941 67.05 8.504054183075358
942 67.1 8.526570275284953
943 67.15 8.549108709944088
944 67.2 8.571669482119628
945 67.25 8.594252586910503
946 67.3 8.616858019447639
947 67.35 8.639485774893915
948 67.4 8.662135848444128
949 67.45 8.684808235324946
950 67.5 8.70750293079485
951 67.55 8.73021993014411
952 67.6 8.75295922869472
953 67.65 8.775720821800375
954 67.7 8.798504704846412
955 67.75 8.821310873249773
956 67.8 8.84413932245897
957 67.85 8.866990047954022
958 67.9 8.88986304524643
959 67.95 8.912758309879129
960 68.0 8.935675837426446
961 68.05 8.958615623494065
962 68.1 8.981577663718978
963 68.15 9.004561953769441
964 68.2 9.027568489344949
965 68.25 9.050597266176176
966 68.3 9.073648280024951
967 68.35 9.096721526684206
968 68.4 9.119817001977944
969 68.45 9.142934701761199
970 68.5 9.166074621919998
971 68.55 9.189236758371313
972 68.6 9.212421107063031
973 68.65 9.235627663973917
974 68.7 9.258856425113567
975 68.75 9.282107386522387
976 68.8 9.305380544271536
977 68.85 9.328675894462894
978 68.9 9.35199343322904
979 68.95 9.375333156733197
980 69.0 9.39871256688264
981 69.05 9.422107181729992
982 69.1 9.445516982955205
983 69.15 9.46894195230914
984 69.2 9.492382071613168
985 69.25 9.515837322758818
986 69.3 9.539307687707405
987 69.35 9.562793148489641
988 69.4 9.586293687205329
989 69.45 9.609809286022944
990 69.5 9.633339927179309
991 69.55 9.65688559297924
992 69.6 9.68044626579519
993 69.65 9.704021928066899
994 69.7 9.72761256230105
995 69.75 9.751218151070917
996 69.8 9.774838677016046
997 69.85 9.798474122841888
998 69.9 9.822124471319494
999 69.95 9.845789705285146
1000 70.0 9.869469807640057
1001 70.05 9.893164761350027
1002 70.1 9.91687454944512
1003 70.15 9.940599155019324
1004 70.2 9.96433856123027
1005 70.25 9.988092751298868
1006 70.3 10.011861708509004
1007 70.35 10.035645416207247
1008 70.4 10.059443857802503
1009 70.45 10.08325701676572
1010 70.5 10.107084876629594
1011 70.55 10.130927420988222
1012 70.6 10.154784633496849
1013 70.65 10.17865649787152
1014 70.7 10.202542997888818
1015 70.75 10.226444117385535
1016 70.8 10.250359840258398
1017 70.85 10.274290150463768
1018 70.9 10.298235032017338
1019 70.95 10.322194468993873
1020 71.0 10.346168445526885
1021 71.05 10.370156945808379
1022 71.1 10.394159954088543
1023 71.15 10.418177454675499
1024 71.2 10.442209431934975
1025 71.25 10.466255870290086
1026 71.3 10.490316754221
1027 71.35 10.514392068264723
1028 71.4 10.538481797014764
1029 71.45 10.56258592512092
1030 71.5 10.586704437288978
1031 71.55 10.610837318280458
1032 71.6 10.634984552912337
1033 71.65 10.659146126056806
1034 71.7 10.683322022640988
1035 71.75 10.707512227646681
1036 71.8 10.731716726110136
1037 71.85 10.755935503121739
1038 71.9 10.780168543825802
1039 71.95 10.804415833420318
1040 72.0 10.828677357156657
1041 72.05 10.852953100339375
1042 72.1 10.87724304832594
1043 72.15 10.901547186526471
1044 72.2 10.925865500403537
1045 72.25 10.950197975471863
1046 72.3 10.974544597298125
1047 72.35 10.99890535150072
1048 72.4 11.023280223749481
1049 72.45 11.047669199765474
1050 72.5 11.072072265320763
1051 72.55 11.096489406238174
1052 72.6 11.120920608391055
1053 72.65 11.145365857703057
1054 72.7 11.169825140147895
1055 72.75 11.19429844174912
1056 72.8 11.218785748579936
1057 72.85 11.243287046762891
1058 72.9 11.267802322469725
1059 72.95 11.292331561921134
1060 73.0 11.31687475138653
1061 73.05 11.341431877183838
1062 73.1 11.36600292567928
1063 73.15 11.390587883287152
1064 73.2 11.415186736469618
1065 73.25 11.4397994717365
1066 73.3 11.464426075645042
1067 73.35 11.489066534799717
1068 73.4 11.513720835852041
1069 73.45 11.538388965500332
1070 73.5 11.563070910489497
1071 73.55 11.587766657610873
1072 73.6 11.61247619370198
1073 73.65 11.637199505646342
1074 73.7 11.661936580373272
1075 73.75 11.686687404857684
1076 73.8 11.71145196611989
1077 73.85 11.73623025122539
1078 73.9 11.7610222472847
1079 73.95 11.78582794145315
1080 74.0 11.810647320930679
1081 74.05 11.835480372961655
1082 74.1 11.860327084834676
1083 74.15 11.885187443882382
1084 74.2 11.910061437481263
1085 74.25 11.934949053051485
1086 74.3 11.959850278056692
1087 74.35 11.984765100003825
1088 74.4 12.009693506442929
1089 74.45 12.034635484966987
1090 74.5 12.059591023211725
1091 74.55 12.084560108855436
1092 74.6 12.109542729618791
1093 74.65 12.134538873264685
1094 74.7 12.159548527598028
1095 74.75 12.1845716804656
1096 74.8 12.20960831975586
1097 74.85 12.234658433398744
1098 74.9 12.25972200936556
1099 74.95 12.284799035668739
1100 75.0 12.309889500361747
1101 75.05 12.334993391538813
1102 75.1 12.360110697334862
1103 75.15 12.385241405925282
1104 75.2 12.410385505525774
1105 75.25 12.43554298439221
1106 75.3 12.460713830820412
1107 75.35 12.48589803314605
1108 75.4 12.511095579744449
1109 75.45 12.536306459030424
1110 75.5 12.561530659458136
1111 75.55 12.586768169520903
1112 75.6 12.612018977751067
1113 75.65 12.637283072719855
1114 75.7 12.66256044303715
1115 75.75 12.687851077351418
1116 75.8 12.713154964349492
1117 75.85 12.738472092756442
1118 75.9 12.763802451335437
1119 75.95 12.789146028887552
1120 76.0 12.814502814251668
1121 76.05 12.839872796304272
1122 76.1 12.865255963959328
1123 76.15 12.890652306168157
1124 76.2 12.91606181191921
1125 76.25 12.941484470238033
1126 76.3 12.966920270187007
1127 76.35 12.992369200865266
1128 76.4 13.017831251408566
1129 76.45 13.043306410989095
1130 76.5 13.068794668815345
1131 76.55 13.094296014131992
1132 76.6 13.11981043621973
1133 76.65 13.145337924395145
1134 76.7 13.170878468010573
1135 76.75 13.196432056453927
1136 76.8 13.221998679148635
1137 76.85 13.24757832555343
1138 76.9 13.273170985162235
1139 76.95 13.29877664750406
1140 77.0 13.324395302142815
1141 77.05 13.350026938677217
1142 77.1 13.375671546740623
1143 77.15 13.401329116000936
1144 77.2 13.426999636160442
1145 77.25 13.452683096955678
1146 77.3 13.478379488157326
1147 77.35 13.504088799570077
1148 77.4 13.529811021032481
1149 77.45 13.555546142416832
1150 77.5 13.581294153629052
1151 77.55 13.607055044608565
1152 77.6 13.632828805328126
1153 77.65 13.658615425793748
1154 77.7 13.684414896044578
1155 77.75 13.710227206152727
1156 77.8 13.736052346223179
1157 77.85 13.761890306393669
1158 77.9 13.787741076834562
1159 77.95 13.813604647748708
1160 78.0 13.839481009371356
1161 78.05 13.865370151970012
1162 78.1 13.891272065844326
1163 78.15 13.917186741325978
1164 78.2 13.943114168778537
1165 78.25 13.969054338597394
1166 78.3 13.995007241209573
1167 78.35 14.0209728670737
1168 78.4 14.046951206679791
1169 78.45 14.072942250549248
1170 78.5 14.098945989234668
1171 78.55 14.124962413319722
1172 78.6 14.150991513419099
1173 78.65 14.177033280178334
1174 78.7 14.203087704273766
1175 78.75 14.229154776412372
1176 78.8 14.255234487331675
1177 78.85 14.281326827799612
1178 78.9 14.30743178861447
1179 78.95 14.333549360604758
1180 79.0 14.359679534629068
1181 79.05 14.385822301576004
1182 79.1 14.411977652364074
1183 79.15 14.438145577941569
1184 79.2 14.46432606928648
1185 79.25 14.490519117406352
1186 79.3 14.516724713338217
1187 79.35 14.542942848148463
1188 79.4 14.569173512932787
1189 79.45 14.595416698816011
1190 79.5 14.621672396952027
1191 79.55 14.647940598523707
1192 79.6 14.67422129474275
1193 79.65 14.700514476849653
1194 79.7 14.72682013611356
1195 79.75 14.753138263832174
1196 79.8 14.779468851331655
1197 79.85 14.805811889966524
1198 79.9 14.83216737111957
1199 79.95 14.858535286201759
1200 80.0 14.884915626652136
1201 80.05 14.911308383937689
1202 80.1 14.937713549553335
1203 80.15 14.96413111502172
1204 80.2 14.990561071893227
1205 80.25 15.017003411745804
1206 80.3 15.043458126184927
1207 80.35 15.069925206843463
1208 80.4 15.096404645381595
1209 80.45 15.122896433486746
1210 80.5 15.14940056287345
1211 80.55 15.175917025283303
1212 80.6 15.202445812484818
1213 80.65 15.228986916273401
1214 80.7 15.255540328471227
1215 80.75 15.28210604092715
1216 80.8 15.308684045516596
1217 80.85 15.335274334141507
1218 80.9 15.361876898730234
1219 80.95 15.388491731237472
1220 81.0 15.415118823644162
1221 81.05 15.441758167957373
1222 81.1 15.468409756210244
1223 81.15 15.495073580461934
1224 81.2 15.521749632797475
1225 81.25 15.548437905327688
1226 81.3 15.575138390189156
1227 81.35 15.601851079544106
1228 81.4 15.628575965580303
1229 81.45 15.655313040510999
1230 81.5 15.68206229657486
1231 81.55 15.708823726035872
1232 81.6 15.735597321183201
1233 81.65 15.7623830743312
1234 81.7 15.789180977819287
1235 81.75 15.815991024011867
1236 81.8 15.842813205298256
1237 81.85 15.8696475140926
1238 81.9 15.896493942833787
1239 81.95 15.923352483985392
1240 82.0 15.950223130035555
1241 82.05 15.97710587349695
1242 82.1 16.004000706906695
1243 82.15 16.030907622826245
1244 82.2 16.057826613841353
1245 82.25 16.08475767256198
1246 82.3 16.111700791622205
1247 82.35 16.138655963680186
1248 82.4 16.165623181418024
1249 82.45 16.19260243754177
1250 82.5 16.219593724781248
1251 82.55 16.246597035890076
1252 82.6 16.27361236364556
1253 82.65 16.300639700848578
1254 82.7 16.327679040323577
1255 82.75 16.35473037491845
1256 82.8 16.381793697504488
1257 82.85 16.408869000976292
1258 82.9 16.435956278251712
1259 82.95 16.463055522271787
1260 83.0 16.49016672600065
1261 83.05 16.517289882425455
1262 83.1 16.54442498455635
1263 83.15 16.571572025426352
1264 83.2 16.598730998091312
1265 83.25 16.625901895629834
1266 83.3 16.653084711143222
1267 83.35 16.680279437755363
1268 83.4 16.707486068612738
1269 83.45 16.734704596884278
1270 83.5 16.76193501576136
1271 83.55 16.78917731845769
1272 83.6 16.816431498209244
1273 83.65 16.843697548274243
1274 83.7 16.87097546193304
1275 83.75 16.898265232488068
1276 83.8 16.925566853263792
1277 83.85 16.952880317606606
1278 83.9 16.980205618884828
1279 83.95 17.007542750488554
1280 84.0 17.034891705829683
1281 84.05 17.062252478341787
1282 84.1 17.08962506148006
1283 84.15 17.117009448721294
1284 84.2 17.14440563356378
1285 84.25 17.171813609527234
1286 84.3 17.199233370152786
1287 84.35 17.226664909002846
1288 84.4 17.254108219661127
1289 84.45 17.281563295732493
1290 84.5 17.30903013084295
1291 84.55 17.33650871863963
1292 84.6 17.363999052790632
1293 84.65 17.391501126985013
1294 84.7 17.419014934932733
1295 84.75 17.44654047036458
1296 84.8 17.47407772703214
1297 84.85 17.50162669870768
1298 84.9 17.529187379184165
1299 84.95 17.55675976227513
1300 85.0 17.58434384181468
1301 85.05 17.611939611657377
1302 85.1 17.639547065678208
1303 85.15 17.667166197772552
1304 85.2 17.694797001856095
1305 85.25 17.722439471864746
1306 85.3 17.750093601754667
1307 85.35 17.777759385502133
1308 85.4 17.805436817103494
1309 85.45 17.83312589057516
1310 85.5 17.860826599953498
1311 85.55 17.888538939294804
1312 85.6 17.916262902675225
1313 85.65 17.943998484190747
1314 85.7 17.97174567795711
1315 85.75 17.99950447810973
1316 85.8 18.027274878803688
1317 85.85 18.055056874213687
1318 85.9 18.082850458533926
1319 85.95 18.110655625978133
1320 86.0 18.138472370779454
1321 86.05 18.166300687190425
1322 86.1 18.194140569482908
1323 86.15 18.221992011948068
1324 86.2 18.249855008896283
1325 86.25 18.277729554657103
1326 86.3 18.305615643579216
1327 86.35 18.333513270030377
1328 86.4 18.36142242839736
1329 86.45 18.38934311308594
1330 86.5 18.417275318520797
1331 86.55 18.44521903914549
1332 86.6 18.47317426942241
1333 86.65 18.5011410038327
1334 86.7 18.52911923687626
1335 86.75 18.557108963071645
1336 86.8 18.585110176956025
1337 86.85 18.613122873085192
1338 86.9 18.641147046033424
1339 86.95 18.669182690393516
1340 87.0 18.697229800776682
1341 87.05 18.725288371812514
1342 87.1 18.753358398148983
1343 87.15 18.781439874452314
1344 87.2 18.809532795407
1345 87.25 18.837637155715697
1346 87.3 18.86575295009927
1347 87.35 18.893880173296655
1348 87.4 18.92201882006486
1349 87.45 18.95016888517888
1350 87.5 18.97833036343172
1351 87.55 19.00650324963428
1352 87.6 19.03468753861535
1353 87.65 19.062883225221547
1354 87.7 19.091090304317305
1355 87.75 19.11930877078476
1356 87.8 19.147538619523765
1357 87.85 19.17577984545183
1358 87.9 19.20403244350409
1359 87.95 19.232296408633214
1360 88.0 19.260571735809414
1361 88.05 19.288858420020393
1362 88.1 19.3171564562713
1363 88.15 19.345465839584637
1364 88.2 19.37378656500029
1365 88.25 19.402118627575465
1366 88.3 19.430462022384628
1367 88.35 19.458816744519428
1368 88.4 19.487182789088752
1369 88.45 19.51556015121861
1370 88.5 19.54394882605211
1371 88.55 19.5723488087494
1372 88.6 19.600760094487686
1373 88.65 19.62918267846113
1374 88.7 19.657616555880853
1375 88.75 19.68606172197482
1376 88.8 19.7145181719879
1377 88.85 19.74298590118177
1378 88.9 19.77146490483488
1379 88.95 19.799955178242392
1380 89.0 19.82845671671619
1381 89.05 19.856969515584797
1382 89.1 19.88549357019336
1383 89.15 19.91402887590363
1384 89.2 19.94257542809388
1385 89.25 19.971133222158844
1386 89.3 19.999702253509795
1387 89.35 20.028282517574382
1388 89.4 20.056874009796637
1389 89.45 20.085476725636955
1390 89.5 20.114090660572067
1391 89.55 20.14271581009495
1392 89.6 20.1713521697148
1393 89.65 20.199999734957004
1394 89.7 20.228658501363178
1395 89.75 20.257328464491003
1396 89.8 20.286009619914264
1397 89.85 20.31470196322283
1398 89.9 20.343405490022533
1399 89.95 20.37212019593519
1400 90.0 20.40084607659859
1401 90.05 20.429583127666437
1402 90.1 20.458331344808283
1403 90.15 20.48709072370949
1404 90.2 20.515861260071265
1405 90.25 20.544642949610584
1406 90.3 20.573435788060134
1407 90.35 20.602239771168264
1408 90.4 20.631054894699073
1409 90.45 20.65988115443221
1410 90.5 20.68871854616292
1411 90.55 20.717567065702056
1412 90.6 20.746426708875962
1413 90.65 20.775297471526468
1414 90.7 20.80417934951087
1415 90.75 20.833072338701886
1416 90.8 20.861976434987632
1417 90.85 20.89089163427156
1418 90.9 20.919817932472483
1419 90.95 20.948755325524463
1420 91.0 20.97770380937685
1421 91.05 21.006663379994183
1422 91.1 21.03563403335623
1423 91.15 21.064615765457916
1424 91.2 21.093608572309286
1425 91.25 21.122612449935485
1426 91.3 21.1516273943767
1427 91.35 21.180653401688183
1428 91.4 21.209690467940188
1429 91.45 21.23873858921791
1430 91.5 21.267797761621495
1431 91.55 21.296867981266008
1432 91.6 21.325949244281386
1433 91.65 21.355041546812426
1434 91.7 21.384144885018706
1435 91.75 21.413259255074617
1436 91.8 21.442384653169277
1437 91.85 21.471521075506573
1438 91.9 21.500668518305034
1439 91.95 21.5298269777979
1440 92.0 21.558996450233014
1441 92.05 21.588176931872848
1442 92.1 21.61736841899445
1443 92.15 21.646570907889373
1444 92.2 21.675784394863726
1445 92.25 21.70500887623811
1446 92.3 21.73424434834757
1447 92.35 21.76349080754156
1448 92.4 21.79274825018398
1449 92.45 21.82201667265307
1450 92.5 21.85129607134143
1451 92.55 21.880586442655986
1452 92.6 21.909887783017904
1453 92.65 21.939200088862684
1454 92.7 21.96852335664
1455 92.75 21.997857582813754
1456 92.8 22.02720276386202
1457 92.85 22.05655889627703
1458 92.9 22.08592597656513
1459 92.95 22.115304001246752
1460 93.0 22.144692966856418
1461 93.05 22.174092869942697
1462 93.1 22.20350370706813
1463 93.15 22.23292547480927
1464 93.2 22.262358169756656
1465 93.25 22.29180178851473
1466 93.3 22.321256327701857
1467 93.35 22.350721783950284
1468 93.4 22.3801981539061
1469 93.45 22.409685434229235
1470 93.5 22.439183621593422
1471 93.55 22.468692712686178
1472 93.6 22.498212704208775
1473 93.65 22.5277435928762
1474 93.7 22.557285375417145
1475 93.75 22.586838048573995
1476 93.8 22.61640160910279
1477 93.85 22.64597605377317
1478 93.9 22.675561379368403
1479 93.95 22.705157582685317
1480 94.0 22.734764660534307
1481 94.05 22.764382609739304
1482 94.1 22.79401142713772
1483 94.15 22.823651109580453
1484 94.2 22.853301653931876
1485 94.25 22.882963057069784
1486 94.3 22.912635315885378
1487 94.35 22.94231842728326
1488 94.4 22.972012388181373
1489 94.45 23.00171719551101
1490 94.5 23.03143284621675
1491 94.55 23.061159337256516
1492 94.6 23.090896665601463
1493 94.65 23.120644828235978
1494 94.7 23.150403822157724
1495 94.75 23.180173644377522
1496 94.8 23.20995429191937
1497 94.85 23.239745761820412
1498 94.9 23.26954805113096
1499 94.95 23.299361156914422
1500 95.0 23.32918507624727
1501 95.05 23.359019806219056
1502 95.1 23.38886534393238
1503 95.15 23.418721686502867
1504 95.2 23.448588831059133
1505 95.25 23.478466774742763
1506 95.3 23.5083555147083
1507 95.35 23.538255048123233
1508 95.4 23.568165372167957
1509 95.45 23.598086484035765
1510 95.5 23.628018380932808
1511 95.55 23.657961060078108
1512 95.6 23.687914518703476
1513 95.65 23.71787875405357
1514 95.7 23.747853763385823
1515 95.75 23.777839543970412
1516 95.8 23.807836093090295
1517 95.85 23.83784340804115
1518 95.9 23.86786148613133
1519 95.95 23.897890324681907
1520 96.0 23.927929921026593
1521 96.05 23.957980272511744
1522 96.1 23.988041376496362
1523 96.15 24.018113230352025
1524 96.2 24.048195831462934
1525 96.25 24.07828917722583
1526 96.3 24.108393265049994
1527 96.35 24.13850809235725
1528 96.4 24.168633656581928
1529 96.45 24.19876995517082
1530 96.5 24.228916985583226
1531 96.55 24.25907474529088
1532 96.6 24.289243231777924
1533 96.65 24.31942244254095
1534 96.7 24.34961237508893
1535 96.75 24.379813026943186
1536 96.8 24.41002439563741
1537 96.85 24.440246478717683
1538 96.9 24.470479273742313
1539 96.95 24.50072277828198
1540 97.0 24.530976989919616
1541 97.05 24.561241906250416
1542 97.1 24.591517524881837
1543 97.15 24.621803843433575
1544 97.2 24.65210085953751
1545 97.25 24.682408570837723
1546 97.3 24.71272697499048
1547 97.35 24.743056069664213
1548 97.4 24.77339585253947
1549 97.45 24.80374632130893
1550 97.5 24.834107473677385
1551 97.55 24.864479307361723
1552 97.6 24.894861820090906
1553 97.65 24.925255009605934
1554 97.7 24.955658873659864
1555 97.75 24.986073410017767
1556 97.8 25.016498616456694
1557 97.85 25.046934490765732
1558 97.9 25.077381030745922
1559 97.95 25.107838234210245
1560 98.0 25.138306098983627
1561 98.05 25.168784622902926
1562 98.1 25.19927380381693
1563 98.15 25.22977363958627
1564 98.2 25.260284128083455
1565 98.25 25.290805267192905
1566 98.3 25.32133705481085
1567 98.35 25.35187948884535
1568 98.4 25.38243256721627
1569 98.45 25.41299628785528
1570 98.5 25.443570648705844
1571 98.55 25.474155647723165
1572 98.6 25.504751282874214
1573 98.65 25.53535755213769
1574 98.7 25.565974453504015
1575 98.75 25.596601984975337
1576 98.8 25.62724014456545
1577 98.85 25.657888930299872
1578 98.9 25.68854834021576
1579 98.95 25.7192183723619
1580 99.0 25.749899024798733
1581 99.05 25.780590295598323
1582 99.1 25.811292182844312
1583 99.15 25.84200468463194
1584 99.2 25.872727799068052
1585 99.25 25.90346152427101
1586 99.3 25.934205858370728
1587 99.35 25.964960799508678
1588 99.4 25.995726345837827
1589 99.45 26.026502495522667
1590 99.5 26.05728924673917
1591 99.55 26.088086597674753
1592 99.6 26.118894546528356
1593 99.65 26.14971309151031
1594 99.7 26.180542230842452
1595 99.75 26.211381962757983
1596 99.8 26.242232285501515
1597 99.85 26.27309319732907
1598 99.9 26.30396469650807
1599 99.95 26.33484678131732
1600 100.0 26.365739450046938
1601 100.05 26.396642700998388
1602 100.1 26.427556532484502
1603 100.15 26.458480942829418
1604 100.2 26.489415930368562
1605 100.25 26.520361493448668
1606 100.3 26.55131763042776
1607 100.35 26.58228433967512
1608 100.4 26.613261619571265
1609 100.45 26.64424946850801
1610 100.5 26.675247884888364
1611 100.55 26.70625686712655
1612 100.6 26.737276413648004
1613 100.65 26.768306522889386
1614 100.7 26.79934719329853
1615 100.75 26.830398423334398
1616 100.8 26.861460211467175
1617 100.85 26.892532556178168
1618 100.9 26.923615455959826
1619 100.95 26.9547089093157
1620 101.0 26.985812914760483
1621 101.05 27.01692747081998
1622 101.1 27.048052576031058
1623 101.15 27.079188228941657
1624 101.2 27.11033442811084
1625 101.25 27.141491172108665
1626 101.3 27.17265845951629
1627 101.35 27.203836288925874
1628 101.4 27.235024658940628
1629 101.45 27.266223568174773
1630 101.5 27.2974330152535
1631 101.55 27.328652998813048
1632 101.6 27.3598835175006
1633 101.65 27.39112456997433
1634 101.7 27.422376154903365
1635 101.75 27.453638270967783
1636 101.8 27.484910916858603
1637 101.85 27.516194091277768
1638 101.9 27.547487792938206
1639 101.95 27.578792020563654
1640 102.0 27.610106772888827
1641 102.05 27.641432048659304
1642 102.1 27.672767846631544
1643 102.15 27.704114165572875
1644 102.2 27.73547100426151
1645 102.25 27.766838361486478
1646 102.3 27.79821623604768
1647 102.35 27.82960462675585
1648 102.4 27.861003532432516
1649 102.45 27.892412951910064
1650 102.5 27.923832884031658
1651 102.55 27.95526332765126
1652 102.6 27.986704281633635
1653 102.65 28.01815574485431
1654 102.7 28.049617716199577
1655 102.75 28.081090194566503
1656 102.8 28.112573178862892
1657 102.85 28.1440666680073
1658 102.9 28.175570660929015
1659 102.95 28.207085156568063
1660 103.0 28.23861015387516
1661 103.05 28.27014565181176
1662 103.1 28.301691649349998
1663 103.15 28.333248145472695
1664 103.2 28.364815139173352
1665 103.25 28.396392629456177
1666 103.3 28.42798061533601
1667 103.35 28.459579095838354
1668 103.4 28.491188069999392
1669 103.45 28.52280753686592
1670 103.5 28.55443749549536
1671 103.55 28.586077944955786
1672 103.6 28.617728884325864
1673 103.65 28.64939031269491
1674 103.7 28.681062229162816
1675 103.75 28.712744632840035
1676 103.8 28.74443752284769
1677 103.85 28.776140898317422
1678 103.9 28.807854758391468
1679 103.95 28.839579102222647
1680 104.0 28.871313928974285
1681 104.05 28.903059237820308
1682 104.1 28.934815027945195
1683 104.15 28.966581298543886
1684 104.2 28.99835804882192
1685 104.25 29.03014527799535
1686 104.3 29.061942985290724
1687 104.35 29.093751169945133
1688 104.4 29.125569831206114
1689 104.45 29.15739896833177
1690 104.5 29.18923858059064
1691 104.55 29.221088667261757
1692 104.6 29.25294922763465
1693 104.65 29.28482026100933
1694 104.7 29.316701766696198
1695 104.75 29.348593744016195
1696 104.8 29.38049619230066
1697 104.85 29.412409110891414
1698 104.9 29.444332499140693
1699 104.95 29.47626635641117
1700 105.0 29.50821068207594
1701 105.05 29.540165475518517
1702 105.1 29.57213073613285
1703 105.15 29.604106463323276
1704 105.2 29.63609265650455
1705 105.25 29.668089315101827
1706 105.3 29.70009643855062
1707 105.35 29.73211402629686
1708 105.4 29.764142077796862
1709 105.45 29.796180592517302
1710 105.5 29.828229569935218
1711 105.55 29.860289009538043
1712 105.6 29.89235891082355
1713 105.65 29.92443927329983
1714 105.7 29.956530096485398
1715 105.75 29.98863137990907
1716 105.8 30.020743123109995
1717 105.85 30.052865325637676
1718 105.9 30.084997987051914
1719 105.95 30.117141106922862
1720 106.0 30.149294684831013
1721 106.05 30.181458720367118
1722 106.1 30.213633213132287
1723 106.15 30.2458181627379
1724 106.2 30.278013568805683
1725 106.25 30.310219430967592
1726 106.3 30.34243574886592
1727 106.35 30.374662522153265
1728 106.4 30.406899750492485
1729 106.45 30.439147433556702
1730 106.5 30.471405571029322
1731 106.55 30.50367416260404
1732 106.6 30.53595320798477
1733 106.65 30.568242706885776
1734 106.7 30.600542659031497
1735 106.75 30.632853064156663
1736 106.8 30.665173922006243
1737 106.85 30.697505232335477
1738 106.9 30.72984699490982
1739 106.95 30.762199209505003
1740 107.0 30.794561875906947
1741 107.05 30.82693499391182
1742 107.1 30.859318563326045
1743 107.15 30.891712583966275
1744 107.2 30.924117055659348
1745 107.25 30.956531978242328
1746 107.3 30.988957351562537
1747 107.35 31.021393175477467
1748 107.4 31.053839449854813
1749 107.45 31.086296174572517
1750 107.5 31.11876334951869
1751 107.55 31.151240974591683
1752 107.6 31.183729049699995
1753 107.65 31.216227574762367
1754 107.7 31.248736549707697
1755 107.75 31.2812559744751
1756 107.8 31.313785849013865
1757 107.85 31.346326173283448
1758 107.9 31.378876947253524
1759 107.95 31.41143817090392
1760 108.0 31.444009844224656
1761 108.05 31.476591967215914
1762 108.1 31.509184539888057
1763 108.15 31.541787562261618
1764 108.2 31.57440103436729
1765 108.25 31.607024956245947
1766 108.3 31.63965932794861
1767 108.35 31.672304149536473
1768 108.4 31.704959421080893
1769 108.45 31.737625142663376
1770 108.5 31.77030131437557
1771 108.55 31.80298793631929
1772 108.6 31.83568500860654
1773 108.65 31.86839253135942
1774 108.7 31.90111050471022
1775 108.75 31.93383892880133
1776 108.8 31.966577803785327
1777 108.85 31.999327129824927
1778 108.9 32.032086907092996
1779 108.95 32.06485713577253
1780 109.0 32.09763781605662
1781 109.05 32.13042894814859
1782 109.1 32.16323053226185
1783 109.15 32.19604256861993
1784 109.2 32.22886505745654
1785 109.25 32.26169799901548
1786 109.3 32.29454139355074
1787 109.35 32.32739524132641
1788 109.4 32.36025954261669
1789 109.45 32.39313429770595
1790 109.5 32.42601950688868
1791 109.55 32.45891517046948
1792 109.6 32.49182128876311
1793 109.65 32.52473786209447
1794 109.7 32.557664890798534
1795 109.75 32.59060237522047
1796 109.8 32.62355031571551
1797 109.85 32.656508712649064
1798 109.9 32.689477566396626
1799 109.95 32.72245687734387
1800 110.0 32.75544664588655
1801 110.05 32.78844687243057
1802 110.1 32.82145755739197
1803 110.15 32.854478701196896
1804 110.2 32.88751030428164
1805 110.25 32.92055236709259
1806 110.3 32.953604890086304
1807 110.35 32.98666787372944
1808 110.4 33.019741318498795
1809 110.45 33.05282522488129
1810 110.5 33.085919593373966
1811 110.55 33.119024424483996
1812 110.6 33.152139718728726
1813 110.65 33.18526547663555
1814 110.7 33.21840169874206
1815 110.75 33.25154838559596
1816 110.8 33.28470553775509
1817 110.85 33.31787315578742
1818 110.9 33.35105124027103
1819 110.95 33.38423979179418
1820 111.0 33.417438810955225
1821 111.05 33.4506482983627
1822 111.1 33.483868254635226
1823 111.15 33.517098680401624
1824 111.2 33.5503395763008
1825 111.25 33.58359094298184
1826 111.3 33.61685278110395
1827 111.35 33.65012509133649
1828 111.4 33.68340787435896
1829 111.45 33.716701130861004
1830 111.5 33.750004861542436
1831 111.55 33.783319067113226
1832 111.6 33.816643748293444
1833 111.65 33.849978905813344
1834 111.7 33.883324540413355
1835 111.75 33.91668065284406
1836 111.8 33.95004724386618
1837 111.85 33.98342431425061
1838 111.9 34.016811864778404
1839 111.95 34.05020989624077
1840 112.0 34.08361840943909
1841 112.05 34.117037405184924
1842 112.1 34.15046688430001
1843 112.15 34.18390684761625
1844 112.2 34.217357295975724
1845 112.25 34.250818230230664
1846 112.3 34.28428965124355
1847 112.35 34.31777155988697
1848 112.4 34.35126395704376
1849 112.45 34.38476684360688
1850 112.5 34.41828022047956
1851 112.55 34.451804088575166
1852 112.6 34.485338448817245
1853 112.65 34.51888330213961
1854 112.7 34.55243864948625
1855 112.75 34.58600449181134
1856 112.8 34.61958083007925
1857 112.85 34.65316766526461
1858 112.9 34.68676499835225
1859 112.95 34.7203728303372
1860 113.0 34.753991162224715
1861 113.05 34.78761999503029
1862 113.1 34.82125932977965
1863 113.15 34.85490916750871
1864 113.2 34.88856950926366
1865 113.25 34.922240356100886
1866 113.3 34.9559217090871
1867 113.35 34.98961356929918
1868 113.4 35.02331593782426
1869 113.45 35.05702881575977
1870 113.5 35.09075220421335
1871 113.55 35.12448610430293
1872 113.6 35.158230517156696
1873 113.65 35.191985443913104
1874 113.7 35.22575088572084
1875 113.75 35.25952684373894
1876 113.8 35.29331331913667
1877 113.85 35.32711031309362
1878 113.9 35.36091782679961
1879 113.95 35.3947358614548
1880 114.0 35.428564418269644
1881 114.05 35.46240349846485
1882 114.1 35.496253103271506
1883 114.15 35.53011323393096
1884 114.2 35.5639838916949
1885 114.25 35.597865077825325
1886 114.3 35.63175679359451
1887 114.35 35.66565904028516
1888 114.4 35.699571819190254
1889 114.45 35.73349513161308
1890 114.5 35.76742897886733
1891 114.55 35.80137336227701
1892 114.6 35.83532828317649
1893 114.65 35.86929374291051
1894 114.7 35.90326974283416
1895 114.75 35.937256284312895
1896 114.8 35.97125336872255
1897 114.85 36.005260997449355
1898 114.9 36.039279171889916
1899 114.95 36.073307893451215
1900 115.0 36.107347163550656
1901 115.05 36.14139698361599
1902 115.1 36.17545735508545
1903 115.15 36.20952827940765
1904 115.2 36.24360975804161
1905 115.25 36.27770179245678
1906 115.3 36.311804384133076
1907 115.35 36.3459175345608
1908 115.4 36.380041245240704
1909 115.45 36.414175517684
1910 115.5 36.44832035341238
1911 115.55 36.48247575395793
1912 115.6 36.51664172086328
1913 115.65 36.550818255681484
1914 115.7 36.58500535997609
1915 115.75 36.61920303532114
1916 115.8 36.65341128330117
1917 115.85 36.687630105511154
1918 115.9 36.721859503556686
1919 115.95 36.75609947905379
1920 116.0 36.790350033628975
1921 116.05 36.824611168919375
1922 116.1 36.8588828865726
1923 116.15 36.89316518824681
1924 116.2 36.92745807561068
1925 116.25 36.961761550343496
1926 116.3 36.99607561413504
1927 116.35 37.03040026868572
1928 116.4 37.06473551570647
1929 116.45 37.09908135691884
1930 116.5 37.13343779405494
1931 116.55 37.16780482885749
1932 116.6 37.20218246307985
1933 116.65 37.236570698485934
1934 116.7 37.27096953685028
1935 116.75 37.30537897995808
1936 116.8 37.33979902960513
1937 116.85 37.3742296875979
1938 116.9 37.408670955753486
1939 116.95 37.44312283589965
1940 117.0 37.477585329874806
1941 117.05 37.51205843952805
1942 117.1 37.546542166719156
1943 117.15 37.58103651331858
1944 117.2 37.61554148120752
1945 117.25 37.65005707227782
1946 117.3 37.684583288432044
1947 117.35 37.719120131583516
1948 117.4 37.75366760365623
1949 117.45 37.788225706584974
1950 117.5 37.82279444231527
1951 117.55 37.85737381280339
1952 117.6 37.89196382001636
1953 117.65 37.92656446593198
1954 117.7 37.96117575253884
1955 117.75 37.99579768183634
1956 117.8 38.03043025583464
1957 117.85 38.065073476554694
1958 117.9 38.09972734602833
1959 117.95 38.134391866298195
1960 118.0 38.169067039417705
1961 118.05 38.20375286745118
1962 118.1 38.23844935247379
1963 118.15 38.273156496571545
1964 118.2 38.30787430184133
1965 118.25 38.34260277039095
1966 118.3 38.37734190433905
1967 118.35 38.412091705815186
1968 118.4 38.44685217695984
1969 118.45 38.48162331992442
1970 118.5 38.516405136871235
1971 118.55 38.55119762997355
1972 118.6 38.5860008014156
1973 118.65 38.62081465339255
1974 118.7 38.65563918811052
1975 118.75 38.690474407786645
1976 118.8 38.72532031464902
1977 118.85 38.76017691093678
1978 118.9 38.795044198900015
1979 118.95 38.82992218079988
1980 119.0 38.86481085890855
1981 119.05 38.89971023550922
1982 119.1 38.934620312896165
1983 119.15 38.96954109337472
1984 119.2 39.004472579261275
1985 119.25 39.0394147728833
1986 119.3 39.07436767657934
1987 119.35 39.10933129269912
1988 119.4 39.1443056236034
1989 119.45 39.17929067166418
1990 119.5 39.21428643926447
1991 119.55 39.24929292879845
1992 119.6 39.284310142671416
1993 119.65 39.31933808330007
1994 119.7 39.35437675311208
1995 119.75 39.389426154546356
1996 119.8 39.424486290053025
1997 119.85 39.459557162093425
1998 119.9 39.49463877314012
1999 119.95 39.52973112567694
2000 120.0 39.56483422219892
2001 120.05 39.599948065212395
2002 120.1 39.635072657234986
2003 120.15 39.67020800079557
2004 120.2 39.70535409843431
2005 120.25 39.74051095270275
2006 120.3 39.7756785661637
2007 120.35 39.81085694139131
2008 120.4 39.84604608097108
2009 120.45 39.88124598749992
2010 120.5 39.91645666358605
2011 120.55 39.95167811184909
2012 120.6 39.98691033492009
2013 120.65 40.022153335441466
2014 120.7 40.057407116067075
2015 120.75 40.09267167946224
2016 120.8 40.127947028303694
2017 120.85 40.163233165279664
2018 120.9 40.19853009308979
2019 120.95 40.23383781444529
2020 121.0 40.2691563320688
2021 121.05 40.30448564869452
2022 121.1 40.33982576706819
2023 121.15 40.37517668994703
2024 121.2 40.41053842009988
2025 121.25 40.44591096030711
2026 121.3 40.481294313360635
2027 121.35 40.516688482064055
2028 121.4 40.552093469232496
2029 121.45 40.58750927769279
2030 121.5 40.62293591028332
2031 121.55 40.65837336985416
2032 121.6 40.693821659267044
2033 121.65 40.729280781395396
2034 121.7 40.76475073912432
2035 121.75 40.80023153535061
2036 121.8 40.83572317298281
2037 121.85 40.87122565494117
2038 121.9 40.90673898415772
2039 121.95 40.942263163576236
2040 122.0 40.97779819615227
2041 122.05 41.01334408485318
2042 122.1 41.04890083265813
2043 122.15 41.084468442558084
2044 122.2 41.12004691755587
2045 122.25 41.15563626066615
2046 122.3 41.191236474915485
2047 122.35 41.226847563342254
2048 122.4 41.26246952899682
2049 122.45 41.298102374941394
2050 122.5 41.33374610425013
2051 122.55 41.369400720009125
2052 122.6 41.405066225316446
2053 122.65 41.44074262328215
2054 122.7 41.47642991702825
2055 122.75 41.51212810968877
2056 122.8 41.54783720440977
2057 122.85 41.583557204349326
2058 122.9 41.61928811267759
2059 122.95 41.65502993257679
2060 123.0 41.69078266724123
2061 123.05 41.7265463198773
2062 123.1 41.76232089370354
2063 123.15 41.798106391950554
2064 123.2 41.83390281786121
2065 123.25 41.869710174690425
2066 123.3 41.90552846570538
2067 123.35 41.94135769418547
2068 123.4 41.97719786342221
2069 123.45 42.013048976719446
2070 123.5 42.048911037393225
2071 123.55 42.08478404877189
2072 123.6 42.12066801419601
2073 123.65 42.15656293701856
2074 123.7 42.19246882060474
2075 123.75 42.22838566833213
2076 123.8 42.26431348359065
2077 123.85 42.30025226978258
2078 123.9 42.336202030322625
2079 123.95 42.37216276863788
2080 124.0 42.40813448816785
2081 124.05 42.4441171923645
2082 124.1 42.48011088469225
2083 124.15 42.51611556862798
2084 124.2 42.55213124766112
2085 124.25 42.58815792529356
2086 124.3 42.62419560503973
2087 124.35 42.66024429042662
2088 124.4 42.6963039849938
2089 124.45 42.732374692293384
2090 124.5 42.768456415890164
2091 124.55 42.80454915936152
2092 124.6 42.840652926297444
2093 124.65 42.87676772030063
2094 124.7 42.91289354498646
2095 124.75 42.94903040398299
2096 124.8 42.98517830093098
2097 124.85 43.021337239484005
2098 124.9 43.057507223308306
2099 124.95 43.093688256082956
2100 125.0 43.129880341499806
2101 125.05 43.16608348326351
2102 125.1 43.2022976850916
2103 125.15 43.23852295071442
2104 125.2 43.2747592838752
2105 125.25 43.3110066883301
2106 125.3 43.34726516784816
2107 125.35 43.38353472621135
2108 125.4 43.419815367214596
2109 125.45 43.45610709466583
2110 125.5 43.49240991238595
2111 125.55 43.52872382420887
2112 125.6 43.56504883398157
2113 125.65 43.60138494556404
2114 125.7 43.637732162829415
2115 125.75 43.67409048966387
2116 125.8 43.71045992996668
2117 125.85 43.74684048765036
2118 125.9 43.783232166640495
2119 125.95 43.81963497087588
2120 126.0 43.85604890430852
2121 126.05 43.89247397090365
2122 126.1 43.92891017463973
2123 126.15 43.9653575195085
2124 126.2 44.001816009515004
2125 126.25 44.03828564867758
2126 126.3 44.07476644102793
2127 126.35 44.11125839061105
2128 126.4 44.14776150148536
2129 126.45 44.184275777722654
2130 126.5 44.22080122340818
2131 126.55 44.257337842640624
2132 126.6 44.293885639532114
2133 126.65 44.3304446182083
2134 126.7 44.367014782808276
2135 126.75 44.40359613748474
2136 126.8 44.44018868640394
2137 126.85 44.47679243374569
2138 126.9 44.513407383703374
2139 126.95 44.550033540484065
2140 127.0 44.586670908308434
2141 127.05 44.62331949141085
2142 127.1 44.659979294039374
2143 127.15 44.69665032045577
2144 127.2 44.73333257493555
2145 127.25 44.77002606176803
2146 127.3 44.80673078525627
2147 127.35 44.84344674971715
2148 127.4 44.88017395948144
2149 127.45 44.91691241889369
2150 127.5 44.953662132312395
2151 127.55 44.990423104109944
2152 127.6 45.027195338672655
2153 127.65 45.06397884040083
2154 127.7 45.10077361370871
2155 127.75 45.137579663024596
2156 127.8 45.174396992790776
2157 127.85 45.21122560746363
2158 127.9 45.24806551151364
2159 127.95 45.284916709425325
2160 128.0 45.32177920569741
2161 128.05 45.35865300484276
2162 128.1 45.39553811138839
2163 128.15 45.43243452987558
2164 128.2 45.46934226485981
2165 128.25 45.50626132091084
2166 128.3 45.543191702612695
2167 128.35 45.58013341456375
2168 128.4 45.617086461376694
2169 128.45 45.6540508476786
2170 128.5 45.69102657811091
2171 128.55 45.72801365732952
2172 128.6 45.76501209000474
2173 128.65 45.80202188082135
2174 128.7 45.83904303447866
2175 128.75 45.876075555690484
2176 128.8 45.91311944918521
2177 128.85 45.95017471970577
2178 128.9 45.98724137200975
2179 128.95 46.02431941086935
2180 129.0 46.06140884107142
2181 129.05 46.09850966741753
2182 129.1 46.13562189472393
2183 129.15 46.17274552782164
2184 129.2 46.209880571556454
2185 129.25 46.24702703078898
2186 129.3 46.28418491039462
2187 129.35 46.32135421526366
2188 129.4 46.35853495030128
2189 129.45 46.39572712042757
2190 129.5 46.43293073057755
2191 129.55 46.47014578570121
2192 129.6 46.50737229076357
2193 129.65 46.54461025074466
2194 129.7 46.58185967063959
2195 129.75 46.619120555458515
2196 129.8 46.65639291022678
2197 129.85 46.693676739984795
2198 129.9 46.73097204978823
2199 129.95 46.768278844707886
2200 130.0 46.80559712982987
2201 130.05 46.84292691025549
2202 130.1 46.880268191101415
2203 130.15 46.91762097749962
2204 130.2 46.954985274597426
2205 130.25 46.99236108755755
2206 130.3 47.02974842155811
2207 130.35 47.06714728179273
2208 130.4 47.10455767347044
2209 130.45 47.14197960181586
2210 130.5 47.179413072069096
2211 130.55 47.21685808948583
2212 130.6 47.2543146593374
2213 130.65 47.29178278691073
2214 130.7 47.32926247750844
2215 130.75 47.36675373644884
2216 130.8 47.404256569065986
2217 130.85 47.4417709807097
2218 130.9 47.47929697674558
2219 130.95 47.51683456255507
2220 131.0 47.55438374353546
2221 131.05 47.59194452509996
2222 131.1 47.629516912677715
2223 131.15 47.66710091171379
2224 131.2 47.70469652766923
2225 131.25 47.74230376602121
2226 131.3 47.77992263226286
2227 131.35 47.81755313190345
2228 131.4 47.85519527046837
2229 131.45 47.89284905349916
2230 131.5 47.93051448655357
2231 131.55 47.96819157520557
2232 131.6 48.00588032504542
2233 131.65 48.0435807416796
2234 131.7 48.08129283073103
2235 131.75 48.119016597838915
2236 131.8 48.15675204865889
2237 131.85 48.194499188862984
2238 131.9 48.232258024139746
2239 131.95 48.27002856019423
2240 132.0 48.30781080274805
2241 132.05 48.345604757539355
2242 132.1 48.383410430322876
2243 132.15 48.421227826870044
2244 132.2 48.459056952968986
2245 132.25 48.4968978144245
2246 132.3 48.53475041705817
2247 132.35 48.57261476670837
2248 132.4 48.61049086923029
2249 132.45 48.648378730495985
2250 132.5 48.68627835639445
2251 132.55 48.724189752831556
2252 132.6 48.762112925730214
2253 132.65 48.800047881030295
2254 132.7 48.83799462468873
2255 132.75 48.87595316267956
2256 132.8 48.91392350099394
2257 132.85 48.95190564564021
2258 132.9 48.989899602643874
2259 132.95 49.027905378047684
2260 133.0 49.06592297791168
2261 133.05 49.10395240831321
2262 133.1 49.141993675347
2263 133.15 49.180046785125136
2264 133.2 49.218111743777165
2265 133.25 49.25618855745009
2266 133.3 49.29427723230842
2267 133.35 49.33237777453423
2268 133.4 49.370490190327196
2269 133.45 49.40861448590456
2270 133.5 49.44675066750131
2271 133.55 49.484898741370124
2272 133.6 49.52305871378139
2273 133.65 49.561230591023346
2274 133.7 49.599414379402
2275 133.75 49.63761008524127
2276 133.8 49.67581771488297
2277 133.85 49.7140372746869
2278 133.9 49.752268771030835
2279 133.95 49.79051221031055
2280 134.0 49.82876759893997
2281 134.05 49.86703494335105
2282 134.1 49.905314249994014
2283 134.15 49.94360552533716
2284 134.2 49.981908775867154
2285 134.25 50.0202240080889
2286 134.3 50.05855122852566
2287 134.35 50.09689044371899
2288 134.4 50.13524166022892
2289 134.45 50.173604884633974
2290 134.5 50.211980123531106
2291 134.55 50.25036738353588
2292 134.6 50.28876667128242
2293 134.65 50.327177993423476
2294 134.7 50.365601356630485
2295 134.75 50.40403676759362
2296 134.8 50.4424842330218
2297 134.85 50.48094375964281
2298 134.9 50.51941535420323
2299 134.95 50.55789902346855
2300 135.0 50.59639477422324
2301 135.05 50.63490261327071
2302 135.1 50.67342254743344
2303 135.15 50.71195458355301
2304 135.2 50.75049872849013
2305 135.25 50.789054989124644
2306 135.3 50.82762337235564
2307 135.35 50.866203885101456
2308 135.4 50.90479653429982
2309 135.45 50.94340132690772
2310 135.5 50.982018269901616
2311 135.55 51.02064737027743
2312 135.6 51.059288635050564
2313 135.65 51.09794207125596
2314 135.7 51.13660768594816
2315 135.75 51.175285486201396
2316 135.8 51.21397547910955
2317 135.85 51.25267767178629
2318 135.9 51.29139207136501
2319 135.95 51.330118684999015
2320 136.0 51.3688575198615
2321 136.05 51.407608583145546
2322 136.1 51.44637188206425
2323 136.15 51.48514742385076
2324 136.2 51.52393521575832
2325 136.25 51.56273526506027
2326 136.3 51.60154757905019
2327 136.35 51.640372165041875
2328 136.4 51.67920903036939
2329 136.45 51.71805818238721
2330 136.5 51.75691962847014
2331 136.55 51.79579337601345
2332 136.6 51.834679432432914
2333 136.65 51.87357780516486
2334 136.7 51.91248850166617
2335 136.75 51.951411529414436
2336 136.8 51.99034689590792
2337 136.85 52.029294608665644
2338 136.9 52.06825467522747
2339 136.95 52.1072271031541
2340 137.0 52.14621190002715
2341 137.05 52.1852090734492
2342 137.1 52.2242186310439
2343 137.15 52.2632405804559
2344 137.2 52.302274929351086
2345 137.25 52.341321685416425
2346 137.3 52.38038085636019
2347 137.35 52.41945244991194
2348 137.4 52.45853647382259
2349 137.45 52.49763293586446
2350 137.5 52.53674184383131
2351 137.55 52.57586320553845
2352 137.6 52.614997028822756
2353 137.65 52.65414332154272
2354 137.7 52.69330209157854
2355 137.75 52.73247334683216
2356 137.8 52.77165709522734
2357 137.85 52.81085334470964
2358 137.9 52.85006210324661
2359 137.95 52.88928337882775
2360 138.0 52.92851717946455
2361 138.05 52.967763513190675
2362 138.1 53.007022388061856
2363 138.15 53.046293812156065
2364 138.2 53.08557779357357
2365 138.25 53.124874340436925
2366 138.3 53.16418346089111
2367 138.35 53.2035051631035
2368 138.4 53.24283945526403
2369 138.45 53.282186345585174
2370 138.5 53.32154584230206
2371 138.55 53.36091795367246
2372 138.6 53.40030268797693
2373 138.65 53.43970005351883
2374 138.7 53.47911005862436
2375 138.75 53.5185327116427
2376 138.8 53.557968020946
2377 138.85 53.59741599492948
2378 138.9 53.63687664201149
2379 138.95 53.676349970633524
2380 139.0 53.715835989260384
2381 139.05 53.75533470638014
2382 139.1 53.794846130504254
2383 139.15 53.834370270167625
2384 139.2 53.87390713392866
2385 139.25 53.91345673036932
2386 139.3 53.95301906809521
2387 139.35 53.99259415573562
2388 139.4 54.032182001943625
2389 139.45 54.07178261539612
2390 139.5 54.11139600479387
2391 139.55 54.151022178861645
2392 139.6 54.19066114634822
2393 139.65 54.23031291602646
2394 139.7 54.26997749669343
2395 139.75 54.30965489717034
2396 139.8 54.34934512630278
2397 139.85 54.38904819296068
2398 139.9 54.42876410603839
2399 139.95 54.468492874454796
2400 140.0 54.5082345071533
2401 140.05 54.547989013102
2402 140.1 54.58775640129365
2403 140.15 54.62753668074585
2404 140.2 54.66732986050097
2405 140.25 54.70713594962638
2406 140.3 54.74695495721438
2407 140.35 54.786786892382366
2408 140.4 54.82663176427285
2409 140.45 54.86648958205357
2410 140.5 54.9063603549175
2411 140.55 54.94624409208302
2412 140.6 54.986140802793884
2413 140.65 55.02605049631938
2414 140.7 55.06597318195431
2415 140.75 55.10590886901916
2416 140.8 55.14585756686015
2417 140.85 55.18581928484924
2418 140.9 55.22579403238425
2419 140.95 55.265781818889
2420 141.0 55.30578265381328
2421 141.05 55.34579654663296
2422 141.1 55.3858235068501
2423 141.15 55.42586354399301
2424 141.2 55.46591666761629
2425 141.25 55.505982887300945
2426 141.3 55.546062212654455
2427 141.35 55.58615465331086
2428 141.4 55.6262602189308
2429 141.45 55.66637891920168
2430 141.5 55.70651076383762
2431 141.55 55.74665576257963
2432 141.6 55.78681392519565
2433 141.65 55.82698526148068
2434 141.7 55.86716978125679
2435 141.75 55.907367494373254
2436 141.8 55.947578410706576
2437 141.85 55.98780254016063
2438 141.9 56.02803989266673
2439 141.95 56.06829047818367
2440 142.0 56.10855430669781
2441 142.05 56.14883138822325
2442 142.1 56.189121732801794
2443 142.15 56.22942535050311
2444 142.2 56.26974225142476
2445 142.25 56.31007244569233
2446 142.3 56.35041594345952
2447 142.35 56.39077275490815
2448 142.4 56.43114289024833
2449 142.45 56.471526359718546
2450 142.5 56.51192317358566
2451 142.55 56.55233334214508
2452 142.6 56.59275687572083
2453 142.65 56.633193784665565
2454 142.7 56.67364407936081
2455 142.75 56.714107770216906
2456 142.8 56.75458486767316
2457 142.85 56.795075382197865
2458 142.9 56.835579324288545
2459 142.95 56.87609670447189
2460 143.0 56.91662753330392
2461 143.05 56.95717182137001
2462 143.1 56.997729579285064
2463 143.15 57.038300817693596
2464 143.2 57.078885547269785
2465 143.25 57.11948377871754
2466 143.3 57.16009552277065
2467 143.35 57.200720790192875
2468 143.4 57.241359591778
2469 143.45 57.28201193834991
2470 143.5 57.32267784076281
2471 143.55 57.36335730990117
2472 143.6 57.40405035667992
2473 143.65 57.444756992044454
2474 143.7 57.48547722697083
2475 143.75 57.5262110724658
2476 143.8 57.56695853956693
2477 143.85 57.60771963934266
2478 143.9 57.64849438289245
2479 143.95 57.689282781346854
2480 144.0 57.73008484586764
2481 144.05 57.77090058764789
2482 144.1 57.811730017911984
2483 144.15 57.85257314791591
2484 144.2 57.89342998894719
2485 144.25 57.93430055232506
2486 144.3 57.97518484940056
2487 144.35 58.01608289155662
2488 144.4 58.05699469020814
2489 144.45 58.09792025680217
2490 144.5 58.138859602817945
2491 144.55 58.17981273976703
2492 144.6 58.22077967919339
2493 144.65 58.26176043267349
2494 144.7 58.30275501181643
2495 144.75 58.34376342826406
2496 144.8 58.38478569369105
2497 144.85 58.42582181980497
2498 144.9 58.46687181834655
2499 144.95 58.50793570108953
2500 145.0 58.549013479841065
2501 145.05 58.590105166441525
2502 145.1 58.631210772764895
2503 145.15 58.67233031071871
2504 145.2 58.71346379224417
2505 145.25 58.75461122931629
2506 145.3 58.795772633944054
2507 145.35 58.83694801817045
2508 145.4 58.87813739407261
2509 145.45 58.919340773761924
2510 145.5 58.96055816938417
2511 145.55 59.0017895931196
2512 145.6 59.04303505718307
2513 145.65 59.08429457382414
2514 145.7 59.125568155327194
2515 145.75 59.16685581401159
2516 145.8 59.20815756223174
2517 145.85 59.24947341237721
2518 145.9 59.29080337687291
2519 145.95 59.332147468179066
2520 146.0 59.37350569879157
2521 146.05 59.41487808124186
2522 146.1 59.45626462809724
2523 146.15 59.49766535196078
2524 146.2 59.53908026547171
2525 146.25 59.58050938130529
2526 146.3 59.62195271217306
2527 146.35 59.66341027082298
2528 146.4 59.70488207003947
2529 146.45 59.74636812264359
2530 146.5 59.78786844149316
2531 146.55 59.82938303948285
2532 146.6 59.870911929544334
2533 146.65 59.91245512464648
2534 146.7 59.95401263779531
2535 146.75 59.99558448203432
2536 146.8 60.03717067044445
2537 146.85 60.07877121614434
2538 146.9 60.12038613229035
2539 146.95 60.16201543207673
2540 147.0 60.203659128735794
2541 147.05 60.24531723553801
2542 147.1 60.28698976579215
2543 147.15 60.32867673284537
2544 147.2 60.37037815008345
2545 147.25 60.412094030930774
2546 147.3 60.453824388850634
2547 147.35 60.49556923734527
2548 147.4 60.53732858995595
2549 147.45 60.579102460263265
2550 147.5 60.620890861887126
2551 147.55 60.66269380848698
2552 147.6 60.7045113137619
2553 147.65 60.74634339145077
2554 147.7 60.788190055332336
2555 147.75 60.8300513192255
2556 147.8 60.87192719698933
2557 147.85 60.91381770252323
2558 147.9 60.95572284976716
2559 147.95 60.9976426527016
2560 148.0 61.039577125347925
2561 148.05 61.08152628176839
2562 148.1 61.12349013606632
2563 148.15 61.165468702386256
2564 148.2 61.2074619949141
2565 148.25 61.24947002787729
2566 148.3 61.291492815544885
2567 148.35 61.333530372227806
2568 148.4 61.375582712278856
2569 148.45 61.41764985009301
2570 148.5 61.459731800107505
2571 148.55 61.501828576801955
2572 148.6 61.54394019469857
2573 148.65 61.58606666836225
2574 148.7 61.628208012400805
2575 148.75 61.670364241465066
2576 148.8 61.71253537024903
2577 148.85 61.75472141349006
2578 148.9 61.79692238596899
2579 148.95 61.839138302510335
2580 149.0 61.88136917798244
2581 149.05 61.923615027297586
2582 149.1 61.96587586541226
2583 149.15 62.008151707327194
2584 149.2 62.05044256808759
2585 149.25 62.092748462783284
2586 149.3 62.1350694065489
2587 149.35 62.17740541456401
2588 149.4 62.21975650205334
2589 149.45 62.26212268428688
2590 149.5 62.30450397658009
2591 149.55 62.346900394294025
2592 149.6 62.38931195283554
2593 149.65 62.431738667657484
2594 149.7 62.47418055425883
2595 149.75 62.51663762818482
2596 149.8 62.5591099050272
2597 149.85 62.60159740042441
2598 149.9 62.64410013006164
2599 149.95 62.68661810967114
2600 150.0 62.72915135503232
2601 150.05 62.77169988197194
2602 150.1 62.8142637063643
2603 150.15 62.856842844131414
2604 150.2 62.899437311243204
2605 150.25 62.94204712371764
2606 150.3 62.984672297620975
2607 150.35 63.0273128490679
2608 150.4 63.0699687942217
2609 150.45 63.112640149294506
2610 150.5 63.155326930547425
2611 150.55 63.19802915429073
2612 150.6 63.24074683688407
2613 150.65 63.28347999473668
2614 150.7 63.32622864430751
2615 150.75 63.368992802105446
2616 150.8 63.411772484689536
2617 150.85 63.45456770866914
2618 150.9 63.4973784907041
2619 150.95 63.540204847505
2620 151.0 63.58304679583335
2621 151.05 63.625904352501706
2622 151.1 63.66877753437396
2623 151.15 63.71166635836553
2624 151.2 63.754570841443474
2625 151.25 63.79749100062678
2626 151.3 63.84042685298657
2627 151.35 63.88337841564625
2628 151.4 63.92634570578171
2629 151.45 63.96932874062156
2630 151.5 64.01232753744739
2631 151.55 64.05534211359387
2632 151.6 64.098372486449
2633 151.65 64.14141867345438
2634 151.7 64.18448069210534
2635 151.75 64.22755855995116
2636 151.8 64.27065229459535
2637 151.85 64.31376191369579
2638 151.9 64.356887434965
2639 151.95 64.40002887617028
2640 152.0 64.44318625513404
2641 152.05 64.48635958973394
2642 152.1 64.52954889790311
2643 152.15 64.57275419763043
2644 152.2 64.61597550696067
2645 152.25 64.65921284399478
2646 152.3 64.70246622689011
2647 152.35 64.74573567386057
2648 152.4 64.78902120317694
2649 152.45 64.83232283316707
2650 152.5 64.87564058221609
2651 152.55 64.91897446876668
2652 152.6 64.96232451131928
2653 152.65 65.00569072843228
2654 152.7 65.04907313872232
2655 152.75 65.09247176086454
2656 152.8 65.13588661359273
2657 152.85 65.17931771569968
2658 152.9 65.2227650860373
2659 152.95 65.26622874351696
2660 153.0 65.30970870710972
2661 153.05 65.35320499584648
2662 153.1 65.39671762881838
2663 153.15 65.44024662517693
2664 153.2 65.48379200413427
2665 153.25 65.5273537849635
2666 153.3 65.57093198699881
2667 153.35 65.61452662963588
2668 153.4 65.65813773233195
2669 153.45 65.70176531460628
2670 153.5 65.7454093960402
2671 153.55 65.78906999627756
2672 153.6 65.83274713502489
2673 153.65 65.87644083205166
2674 153.7 65.92015110719053
2675 153.75 65.96387798033771
2676 153.8 66.00762147145312
2677 153.85 66.05138160056066
2678 153.9 66.09515838774858
2679 153.95 66.13895185316966
2680 154.0 66.18276201704147
2681 154.05 66.22658889964674
2682 154.1 66.27043252133357
2683 154.15 66.31429290251567
2684 154.2 66.35817006367273
2685 154.25 66.40206402535061
2686 154.3 66.44597480816171
2687 154.35 66.48990243278516
2688 154.4 66.53384691996719
2689 154.45 66.57780829052133
2690 154.5 66.62178656532879
2691 154.55 66.66578176533869
2692 154.6 66.70979391156837
2693 154.65 66.75382302510364
2694 154.7 66.79786912709919
2695 154.75 66.84193223877875
2696 154.8 66.88601238143548
2697 154.85 66.9301095764322
2698 154.9 66.9742238452018
2699 154.95 67.01835520924745
2700 155.0 67.06250369014285
2701 155.05 67.10666930953272
2702 155.1 67.15085208913298
2703 155.15 67.19505205073106
2704 155.2 67.23926921618624
2705 155.25 67.28350360743
2706 155.3 67.32775524646628
2707 155.35 67.37202415537179
2708 155.4 67.41631035629639
2709 155.45 67.46061387146341
2710 155.5 67.50493472316985
2711 155.55 67.54927293378688
2712 155.6 67.59362852576007
2713 155.65 67.63800152160972
2714 155.7 67.68239194393118
2715 155.75 67.7267998153953
2716 155.8 67.77122515874859
2717 155.85 67.81566799681369
2718 155.9 67.86012835248964
2719 155.95 67.90460624875226
2720 156.0 67.94910170865447
2721 156.05 67.99361475532665
2722 156.1 68.03814541197698
2723 156.15 68.0826937018918
2724 156.2 68.12725964843594
2725 156.25 68.17184327505312
2726 156.3 68.21644460526623
2727 156.35 68.26106366267776
2728 156.4 68.30570047097014
2729 156.45 68.35035505390606
2730 156.5 68.39502743532893
2731 156.55 68.43971763916313
2732 156.6 68.48442568941446
2733 156.65 68.52915161017052
2734 156.7 68.57389542560101
2735 156.75 68.61865715995818
2736 156.8 68.66343683757715
2737 156.85 68.70823448287635
2738 156.9 68.75305012035786
2739 156.95 68.7978837746078
2740 157.0 68.84273547029676
2741 157.05 68.8876052321801
2742 157.1 68.93249308509849
2743 157.15 68.97739905397813
2744 157.2 69.02232316383127
2745 157.25 69.06726543975657
2746 157.3 69.11222590693947
2747 157.35 69.15720459065274
2748 157.4 69.20220151625666
2749 157.45 69.2472167091996
2750 157.5 69.29225019501841
2751 157.55 69.33730199933875
2752 157.6 69.38237214787561
2753 157.65 69.42746066643367
2754 157.7 69.47256758090775
2755 157.75 69.51769291728321
2756 157.8 69.56283670163641
2757 157.85 69.60799896013515
2758 157.9 69.65317971903903
2759 157.95 69.69837900469999
2760 158.0 69.74359684356267
2761 158.05 69.78883326216487
2762 158.1 69.83408828713803
2763 158.15 69.87936194520765
2764 158.2 69.92465426319374
2765 158.25 69.9699652680113
2766 158.3 70.01529498667072
2767 158.35 70.06064344627833
2768 158.4 70.10601067403675
2769 158.45 70.15139669724543
2770 158.5 70.19680154330115
2771 158.55 70.24222523969839
2772 158.6 70.2876678140299
2773 158.65 70.33312929398711
2774 158.7 70.37860970736068
2775 158.75 70.42410908204089
2776 158.8 70.46962744601821
2777 158.85 70.51516482738378
2778 158.9 70.56072125432988
2779 158.95 70.6062967551504
2780 159.0 70.65189135824141
2781 159.05 70.69750509210162
2782 159.1 70.74313798533288
2783 159.15 70.7887900666407
2784 159.2 70.83446136483481
2785 159.25 70.88015190882957
2786 159.3 70.92586172764462
2787 159.35 70.97159085040528
2788 159.4 71.01733930634319
2789 159.45 71.06310712479676
2790 159.5 71.10889433521172
2791 159.55 71.15470096714171
2792 159.6 71.20052705024874
2793 159.65 71.24637261430381
2794 159.7 71.29223768918737
2795 159.75 71.33812230489
2796 159.8 71.38402649151286
2797 159.85 71.42995027926825
2798 159.9 71.47589369848028
2799 159.95 71.52185677958529
2800 160.0 71.56783955313256
2801 160.05 71.61384204978476
2802 160.1 71.65986430031866
2803 160.15 71.70590633562556
2804 160.2 71.75196818671203
2805 160.25 71.79804988470043
2806 160.3 71.84415146082947
2807 160.35 71.89027294645484
2808 160.4 71.93641437304986
2809 160.45 71.98257577220603
2810 160.5 72.02875717563366
2811 160.55 72.07495861516246
2812 160.6 72.12118012274219
2813 160.65 72.16742173044332
2814 160.7 72.2136834704576
2815 160.75 72.25996537509864
2816 160.8 72.30626747680273
2817 160.85 72.35258980812928
2818 160.9 72.39893240176161
2819 160.95 72.4452952905075
2820 161.0 72.49167850729992
2821 161.05 72.53808208519767
2822 161.1 72.584506057386
2823 161.15 72.63095045717732
2824 161.2 72.67741531801191
2825 161.25 72.72390067345853
2826 161.3 72.77040655721513
2827 161.35 72.81693300310951
2828 161.4 72.86348004510012
2829 161.45 72.9100477172766
2830 161.5 72.95663605386058
2831 161.55 73.0032450892064
2832 161.6 73.04987485780178
2833 161.65 73.09652539426855
2834 161.7 73.14319673336337
2835 161.75 73.18988890997845
2836 161.8 73.23660195914232
2837 161.85 73.28333591602055
2838 161.9 73.33009081591645
2839 161.95 73.37686669427192
2840 162.0 73.42366358666813
2841 162.05 73.47048152882624
2842 162.1 73.51732055660827
2843 162.15 73.5641807060178
2844 162.2 73.61106201320078
2845 162.25 73.65796451444633
2846 162.3 73.70488824618745
2847 162.35 73.7518332450019
2848 162.4 73.79879954761294
2849 162.45 73.84578719089019
2850 162.5 73.8927962118504
2851 162.55 73.93982664765825
2852 162.6 73.98687853562724
2853 162.65 74.03395191322048
2854 162.7 74.08104681805152
2855 162.75 74.12816328788523
2856 162.8 74.17530136063857
2857 162.85 74.22230216642781
2858 162.9 74.3400827593001
2859 162.95 74.4576419679759
2860 163.0 74.57497979245518
2861 163.05 74.69209623273797
2862 163.1 74.80899128882426
2863 163.15 74.92566496071404
2864 163.2 75.04211724840732
2865 163.25 75.15834815190411
2866 163.3 75.27435767120438
2867 163.35 75.39014580630814
2868 163.4 75.5057125572154
2869 163.45 75.62105792392617
2870 163.5 75.73618190644044
2871 163.55 75.85108450475818
2872 163.6 75.96576571887942
2873 163.65 76.08022554880418
2874 163.7 76.19446399453243
2875 163.75 76.30848105606417
2876 163.8 76.4222767333994
2877 163.85 76.53585102653814
2878 163.9 76.64920393548036
2879 163.95 76.76233546022608
2880 164.0 76.87524560077532
2881 164.05 76.98793435712804
2882 164.1 77.10040172928426
2883 164.15 77.21264771724397
2884 164.2 77.32467232100717
2885 164.25 77.43647554057388
2886 164.3 77.54805737594407
2887 164.35 77.65941782711776
2888 164.4 77.77055689409497
2889 164.45 77.88147457687566
2890 164.5 77.99217087545985
2891 164.55 78.10264578984753
2892 164.6 78.21289932003872
2893 164.65 78.3229314660334
2894 164.7 78.43274222783157
2895 164.75 78.54233160543325
2896 164.8 78.65169959883842
2897 164.85 78.76084620804707
2898 164.9 78.86977143305923
2899 164.95 78.97847527387488
2900 165.0 79.08695773049403
2901 165.05 79.19521880291668
2902 165.1 79.30325849114283
2903 165.15 79.41107679517248
2904 165.2 79.51867371500562
2905 165.25 79.62604925064225
2906 165.3 79.7332034020824
2907 165.35 79.84013616932603
2908 165.4 79.94684755237316
2909 165.45 80.05333755122378
2910 165.5 80.15960616587789
2911 165.55 80.26565339633551
2912 165.6 80.3714792425966
2913 165.65 80.47708370466121
2914 165.7 80.58246678252931
2915 165.75 80.6876284762009
2916 165.8 80.792568785676
2917 165.85 80.89728771095459
2918 165.9 81.00178525203668
2919 165.95 81.10606140892227
2920 166.0 81.21011618161135
2921 166.05 81.31394957010394
2922 166.1 81.41756157440003
2923 166.15 81.5209521944996
2924 166.2 81.62412143040267
2925 166.25 81.72706928210924
2926 166.3 81.8297957496193
2927 166.35 81.93230083293284
2928 166.4 82.03458453204989
2929 166.45 82.13664684697045
2930 166.5 82.2384877776945
2931 166.55 82.34010732422205
2932 166.6 82.4415054865531
2933 166.65 82.54268226468764
2934 166.7 82.64363765862568
2935 166.75 82.74437166836721
2936 166.8 82.84488429391224
2937 166.85 82.94517553526077
2938 166.9 83.04524539241278
2939 166.95 83.1450938653683
2940 167.0 83.2447209541273
2941 167.05 83.34412665868982
2942 167.1 83.44331097905584
2943 167.15 83.54227391522534
2944 167.2 83.64101546719834
2945 167.25 83.73953563497484
2946 167.3 83.83783441855483
2947 167.35 83.93591181793832
2948 167.4 84.03376783312531
2949 167.45 84.1314024641158
2950 167.5 84.22881571090977
2951 167.55 84.32600757350725
2952 167.6 84.42297805190823
2953 167.65 84.5197271461127
2954 167.7 84.61625485612066
2955 167.75 84.71256118193212
2956 167.8 84.80864612354708
2957 167.85 84.90450968096555
2958 167.9 85.00015185418751
2959 167.95 85.09557264321296
2960 168.0 85.1907720480419
2961 168.05 85.28575006867433
2962 168.1 85.38050670511026
2963 168.15 85.4750419573497
2964 168.2 85.56935582539263
2965 168.25 85.66344830923906
2966 168.3 85.75731940888897
2967 168.35 85.8509691243424
2968 168.4 85.94439745559933
2969 168.45 86.03760440265974
2970 168.5 86.13058996552365
2971 168.55 86.22335414419106
2972 168.6 86.31589693866196
2973 168.65 86.40821834893636
2974 168.7 86.50031837501426
2975 168.75 86.59219701689564
2976 168.8 86.68385427458053
2977 168.85 86.7752901480689
2978 168.9 86.86650463736079
2979 168.95 86.95749774245617
2980 169.0 87.04826946335504
2981 169.05 87.13881980005742
2982 169.1 87.22914875256329
2983 169.15 87.31925632087265
2984 169.2 87.40914250498551
2985 169.25 87.49880730490187
2986 169.3 87.58825072062172
2987 169.35 87.67747275214506
2988 169.4 87.7664733994719
2989 169.45 87.85525266260225
2990 169.5 87.9438105415361
2991 169.55 88.03214703627343
2992 169.6 88.12026214681426
2993 169.65 88.20815587315859
2994 169.7 88.29582821530641
2995 169.75 88.38327917325773
2996 169.8 88.47050874701256
2997 169.85 88.55751693657088
2998 169.9 88.64430374193269
2999 169.95 88.730869163098
3000 170.0 88.81721320006682
3001 170.05 88.90333585283912
3002 170.1 88.98923712141492
3003 170.15 89.0749170057942
3004 170.2 89.160375505977
3005 170.25 89.24561262196329
3006 170.3 89.33062835375307
3007 170.35 89.41542270134636
3008 170.4 89.49999566474314
3009 170.45 89.58434724394343
3010 170.5 89.6684774389472
3011 170.55 89.75238624975448
3012 170.6 89.83607367636525
3013 170.65 89.9195397187795
3014 170.7 90.00278437699727
3015 170.75 90.08580765101853
3016 170.8 90.16860954084328
3017 170.85 90.25119004647152
3018 170.9 90.33354916790326
3019 170.95 90.4156869051385
3020 171.0 90.49760325817724
3021 171.05 90.57929822701946
3022 171.1 90.6607718116652
3023 171.15 90.74202401211443
3024 171.2 90.82305482836715
3025 171.25 90.90386426042336
3026 171.3 90.98445230828308
3027 171.35 91.0648189719463
3028 171.4 91.144964251413
3029 171.45 91.22488814668321
3030 171.5 91.30459065775692
3031 171.55 91.38407178463412
3032 171.6 91.4633315273148
3033 171.65 91.54236988579899
3034 171.7 91.62118686008668
3035 171.75 91.69978245017786
