0 20 0
1 20.05 -0.015743955652221607
2 20.1 -0.031418786798848915
3 20.15 -0.04702470539904121
4 20.2 -0.06256192195566089
5 20.25 -0.0780306455298092
6 20.3 -0.09343108375517326
7 20.35 -0.10876344285218167
8 20.4 -0.12402792764197604
9 20.45 -0.13922474156019946
10 20.5 -0.15435408667060377
11 20.55 -0.1694161636784803
12 20.6 -0.18441117194391665
13 20.65 -0.19933930949487993
14 20.7 -0.2142007730401369
15 20.75 -0.2289957579820004
16 20.8 -0.2437244584289178
17 20.85 -0.2583870672078975
18 20.9 -0.2729837758767771
19 20.95 -0.28751477473633624
20 21.0 -0.30198025284225377
21 21.05 -0.3163803980169191
22 21.1 -0.330715396861089
23 21.15 -0.34498543476540416
24 21.2 -0.35919069592175723
25 21.25 -0.37333136333452155
26 21.3 -0.38740761883164043
27 21.35 -0.4014196430755778
28 21.4 -0.4153676155741362
29 21.45 -0.42925171469113776
30 21.5 -0.44307211765698007
31 21.55 -0.4568290005790537
32 21.6 -0.4705225384520441
33 21.65 -0.4841529051680991
34 21.7 -0.49772027352687703
35 21.75 -0.5112248152454727
36 21.8 -0.5246667009682251
37 21.85 -0.5380461002764056
38 21.9 -0.5513631816977892
39 21.95 -0.5646181127161136
40 22.0 -0.5778110597804268
41 22.05 -0.5909421883143186
42 22.1 -0.604011662725049
43 22.15 -0.617019646412563
44 22.2 -0.629966301778404
45 22.25 -0.6428517902345207
46 22.3 -0.6556762722119692
47 22.35 -0.6684399071695165
48 22.4 -0.6811428536021438
49 22.45 -0.6937852690494482
50 22.5 -0.7063673101039485
51 22.55 -0.7188891324192979
52 22.6 -0.7313508907183979
53 22.65 -0.7437527388014229
54 22.7 -0.7560948295537491
55 22.75 -0.7683773149537975
56 22.8 -0.7806003460807841
57 22.85 -0.7927640731223833
58 22.9 -0.8048686453823045
59 22.95 -0.8169142112877847
60 23.0 -0.8289009183969944
61 23.05 -0.8408289134063608
62 23.1 -0.8526983421578115
63 23.15 -0.8645093496459354
64 23.2 -0.8762620800250632
65 23.25 -0.8879566766162714
66 23.3 -0.8995932819143064
67 23.35 -0.9111720375944344
68 23.4 -0.9226930845192158
69 23.45 -0.9341565627452025
70 23.5 -0.9455626115295651
71 23.55 -0.9569113693366461
72 23.6 -0.9682029738444426
73 23.65 -0.9794375619510177
74 23.7 -0.9906152697808422
75 23.75 -1.001736232691069
76 23.8 -1.01280058527774
77 23.85 -1.0238084613819245
78 23.9 -1.0347599940957943
79 23.95 -1.045655315768631
80 24.0 -1.0564945580127716
81 24.05 -1.06727785170949
82 24.1 -1.0780053270148162
83 24.15 -1.0886771133652935
84 24.2 -1.099293339483676
85 24.25 -1.1098541333845655
86 24.3 -1.1203596223799883
87 24.35 -1.130809933084916
88 24.4 -1.1412051914227255
89 24.45 -1.1515455226306057
90 24.5 -1.161831051264904
91 24.55 -1.172061901206422
92 24.6 -1.1822381956656525
93 24.65 -1.1923600571879638
94 24.7 -1.2024276076587317
95 24.75 -1.212440968308418
96 24.8 -1.2224002597175971
97 24.85 -1.2323056018219303
98 24.9 -1.2421571139170908
99 24.95 -1.2519549146636395
100 25.0 -1.261699122091849
101 25.05 -1.27138985360648
102 25.1 -1.2810272259915108
103 25.15 -1.2906113554148162
104 25.2 -1.300142357432803
105 25.25 -1.309620346994997
106 25.3 -1.3190454384485832
107 25.35 -1.3284177455429034
108 25.4 -1.3377373814339086
109 25.45 -1.3470044586885652
110 25.5 -1.3562190892892199
111 25.55 -1.3653813846379201
112 25.6 -1.3744914555606929
113 25.65 -1.3835494123117809
114 25.7 -1.392555364577838
115 25.75 -1.401509421482083
116 25.8 -1.4104116915884133
117 25.85 -1.4192622829054784
118 25.9 -1.4280613028907132
119 25.95 -1.4368088584543346
120 26.0 -1.4455050559632965
121 26.05 -1.4541500012452084
122 26.1 -1.4627437995922175
123 26.15 -1.4712865557648496
124 26.2 -1.4797783739958186
125 26.25 -1.488219357993795
126 26.3 -1.496609610947141
127 26.35 -1.5049492355276104
128 26.4 -1.5132383338940116
129 26.45 -1.521477007695837
130 26.5 -1.529665358076859
131 26.55 -1.5378034856786909
132 26.6 -1.5458914906443144
133 26.65 -1.5539294726215755
134 26.7 -1.561917530766646
135 26.75 -1.569855763747453
136 26.8 -1.5777442697470783
137 26.85 -1.5855831464671237
138 26.9 -1.593372491131047
139 26.95 -1.6011124004874664
140 27.0 -1.6088029708134344
141 27.05 -1.6164442979176816
142 27.1 -1.6240364771438316
143 27.15 -1.6315796033735852
144 27.2 -1.6390737710298762
145 27.25 -1.646519074079998
146 27.3 -1.6539156060387026
147 27.35 -1.6612634599712703
148 27.4 -1.6685627284965532
149 27.45 -1.6758135037899886
150 27.5 -1.6830158775865895
151 27.55 -1.6901699411839028
152 27.6 -1.6972757854449452
153 27.65 -1.7043335008011111
154 27.7 -1.711343177255055
155 27.75 -1.7183049043835468
156 27.8 -1.7252187713403053
157 27.85 -1.732084866858801
158 27.9 -1.7389032792550392
159 27.95 -1.7456740964303157
160 28.0 -1.7523974058739495
161 28.05 -1.7590732946659906
162 28.1 -1.7657018494799035
163 28.15 -1.7722831565852293
164 28.2 -1.7788173018502222
165 28.25 -1.785304370744465
166 28.3 -1.7917444483414593
167 28.35 -1.7981376193211964
168 28.4 -1.804483967972703
169 28.45 -1.8107835781965667
170 28.5 -1.8170365335074388
171 28.55 -1.8232429170365156
172 28.6 -1.8294028115339989
173 28.65 -1.8355162993715353
174 28.7 -1.8415834625446337
175 28.75 -1.847604382675063
176 28.8 -1.8535791410132296
177 28.85 -1.8595078184405338
178 28.9 -1.8653904954717062
179 28.95 -1.8712272522571258
180 29.0 -1.8770181685851164
181 29.05 -1.882763323884225
182 29.1 -1.8884627972254806
183 29.15 -1.8941166673246341
184 29.2 -1.8997250125443792
185 29.25 -1.9052879108965548
186 29.3 -1.9108054400443295
187 29.35 -1.9162776773043664
188 29.4 -1.9217046996489724
189 29.45 -1.9270865837082267
190 29.5 -1.932423405772094
191 29.55 -1.937715241792519
192 29.6 -1.9429621673855044
193 29.65 -1.948164257833171
194 29.7 -1.9533215880858006
195 29.75 -1.958434232763864
196 29.8 -1.96350226616003
197 29.85 -1.9685257622411603
198 29.9 -1.9735047946502855
199 29.95 -1.9784394367085674
200 30.0 -1.9833297614172445
201 30.05 -1.9881758414595607
202 30.1 -1.9929777492026808
203 30.15 -1.9977355566995874
204 30.2 -2.002449335690965
205 30.25 -2.007119157607069
206 30.3 -2.0117450935695773
207 30.35 -2.0163272143934288
208 30.4 -2.0208655905886475
209 30.45 -2.0253602923621514
210 30.5 -2.029811389619547
211 30.55 -2.0342189519669094
212 30.6 -2.038583048712549
213 30.65 -2.042903748868763
214 30.7 -2.0471811211535735
215 30.75 -2.051415233992454
216 30.8 -2.055606155520038
217 30.85 -2.0597539535818177
218 30.9 -2.063858695735829
219 30.95 -2.0679204492543217
220 31.0 -2.0719392811254167
221 31.05 -2.0759152580547524
222 31.1 -2.0798484464671168
223 31.15 -2.0837389125080663
224 31.2 -2.0875867220455335
225 31.25 -2.091391940671421
226 31.3 -2.0951546337031846
227 31.35 -2.0988748661854024
228 31.4 -2.1025527028913333
229 31.45 -2.106188208324462
230 31.5 -2.109781446720035
231 31.55 -2.113332482046581
232 31.6 -2.1168413780074227
233 31.65 -2.1203081980421747
234 31.7 -2.123733005328234
235 31.75 -2.127115862782253
236 31.8 -2.1304568330616074
237 31.85 -2.1337559785658486
238 31.9 -2.137013361438148
239 31.95 -2.140229043566729
240 32.0 -2.143403086586288
241 32.05 -2.146535551879406
242 32.1 -2.149626500577947
243 32.15 -2.152675993564451
244 32.2 -2.1556840914735096
245 32.25 -2.1586508546931373
246 32.3 -2.1615763433661295
247 32.35 -2.164460617391412
248 32.4 -2.167303736425378
249 32.45 -2.170105759883219
250 32.5 -2.172866746940242
251 32.55 -2.1755867565331797
252 32.6 -2.178265847361489
253 32.65 -2.1809040778886426
254 32.7 -2.1835015063434073
255 32.75 -2.1860581907211176
256 32.8 -2.1885741887849353
257 32.85 -2.1910495580671028
258 32.9 -2.1934843558701873
259 32.95 -2.1958786392683143
260 33.0 -2.198232465108393
261 33.05 -2.2005458900113335
262 33.1 -2.2028189703732535
263 33.15 -2.205051762366678
264 33.2 -2.207244321941729
265 33.25 -2.209396704827308
266 33.3 -2.2115089665322687
267 33.35 -2.2135811623465815
268 33.4 -2.215613347342491
269 33.45 -2.2176055763756626
270 33.5 -2.2195579040863236
271 33.55 -2.2214703849003947
272 33.6 -2.2233430730306134
273 33.65 -2.2251760224776507
274 33.7 -2.226969287031218
275 33.75 -2.228722920271167
276 33.8 -2.2304369755685833
277 33.85 -2.2321115060868686
278 33.9 -2.23374656478282
279 33.95 -2.2353422044076976
280 34.0 -2.2368984775082867
281 34.05 -2.2384154364279527
282 34.1 -2.239893133307687
283 34.15 -2.241331620087147
284 34.2 -2.242730948505689
285 34.25 -2.2440911701033923
286 34.3 -2.2454123362220786
287 34.35 -2.2466944980063217
288 34.4 -2.2479377064044517
289 34.45 -2.2491420121695525
290 34.5 -2.2503074658604514
291 34.55 -2.2514341178427024
292 34.6 -2.252522018289563
293 34.65 -2.253571217182964
294 34.7 -2.254581764314472
295 34.75 -2.2555537092862465
296 34.8 -2.25648710151199
297 34.85 -2.25738199021789
298 34.9 -2.2582384244435585
299 34.95 -2.2590564530429607
300 35.0 -2.25983612468534
301 35.05 -2.2605774878561355
302 35.1 -2.261280590857896
303 35.15 -2.2619454818111824
304 35.2 -2.2625722086554685
305 35.25 -2.2631608191500363
306 35.3 -2.263711360874861
307 35.35 -2.264223881231493
308 35.4 -2.264698427443935
309 35.45 -2.2651350465595095
310 35.5 -2.265533785449724
311 35.55 -2.265894690811129
312 35.6 -2.2662178091661707
313 35.65 -2.266503186864036
314 35.7 -2.2667508700814953
315 35.75 -2.2669609048237374
316 35.8 -2.2671333369251996
317 35.85 -2.2672682120503915
318 35.9 -2.267365575694715
319 35.95 -2.267425473185277
320 36.0 -2.267447949681698
321 36.05 -2.267433050176915
322 36.1 -2.26738081949798
323 36.15 -2.26729130230685
324 36.2 -2.267164543101176
325 36.25 -2.2670005862150866
326 36.3 -2.2667994758199606
327 36.35 -2.2665612559252026
328 36.4 -2.266285970379009
329 36.45 -2.2659736628691296
330 36.5 -2.2656243769236237
331 36.55 -2.2652381559116135
332 36.6 -2.264815043044031
333 36.65 -2.2643550813743594
334 36.7 -2.2638583137993713
335 36.75 -2.263324783059862
336 36.8 -2.2627545317413778
337 36.85 -2.2621476022749367
338 36.9 -2.2615040369377506
339 36.95 -2.260823877853938
340 37.0 -2.260107166995233
341 37.05 -2.259353946181691
342 37.1 -2.2585642570823907
343 37.15 -2.2577381412161275
344 37.2 -2.256875639952107
345 37.25 -2.255976794510631
346 37.3 -2.2550416459637828
347 37.35 -2.2540702352361026
348 37.4 -2.253062603105265
349 37.45 -2.2520187902027473
350 37.5 -2.250938837014495
351 37.55 -2.249822783881585
352 37.6 -2.2486706710008817
353 37.65 -2.2474825384256913
354 37.7 -2.2462584260664107
355 37.75 -2.244998373691173
356 37.8 -2.2437024209264886
357 37.85 -2.242370607257882
358 37.9 -2.241002972030526
359 37.95 -2.2395995544498697
360 38.0 -2.238160393582265
361 38.05 -2.236685528355588
362 38.1 -2.2351749975598563
363 38.15 -2.2336288398478423
364 38.2 -2.2320470937356847
365 38.25 -2.2304297976034935
366 38.3 -2.2287769896959535
367 38.35 -2.2270887081229227
368 38.4 -2.2253649908600273
369 38.45 -2.223605875749253
370 38.5 -2.221811400499535
371 38.55 -2.219981602687339
372 38.6 -2.218116519757244
373 38.65 -2.21621618902252
374 38.7 -2.2142806476657
375 38.75 -2.212309932739152
376 38.8 -2.2103040811656434
377 38.85 -2.208263129738907
378 38.9 -2.206187115124198
379 38.95 -2.2040760738588543
380 39.0 -2.2019300423528456
381 39.05 -2.199749056889326
382 39.1 -2.197533153625179
383 39.15 -2.1952823685915623
384 39.2 -2.1929967376944455
385 39.25 -2.1906762967151483
386 39.3 -2.188321081310874
387 39.35 -2.18593112701524
388 39.4 -2.1835064692388038
389 39.45 -2.1810471432695877
390 39.5 -2.1785531842736
391 39.55 -2.176024627295352
392 39.6 -2.173461507258373
393 39.65 -2.170863858965723
394 39.7 -2.1682317171004994
395 39.75 -2.1655651162263436
396 39.8 -2.162864090787944
397 39.85 -2.1601286751115354
398 39.9 -2.1573589034053944
399 39.95 -2.1545548097603353
400 40.0 -2.1517164281501997
401 40.05 -2.1488437924323445
402 40.1 -2.145936936348127
403 40.15 -2.142995893523388
404 40.2 -2.140020697468931
405 40.25 -2.1370113815809972
406 40.3 -2.133967979141742
407 40.35 -2.1308905233197044
408 40.4 -2.1277790471702756
409 40.45 -2.1246335836361654
410 40.5 -2.1214541655478643
411 40.55 -2.1182408256241043
412 40.6 -2.1149935964723166
413 40.65 -2.111712510589085
414 40.7 -2.1083976003606013
415 40.75 -2.105048898063112
416 40.8 -2.1016664358633665
417 40.85 -2.098250245819063
418 40.9 -2.094800359879289
419 40.95 -2.09131680988496
420 41.0 -2.0877996275692587
421 41.05 -2.084248844558068
422 41.1 -2.080664492370403
423 41.15 -2.077046602418841
424 41.2 -2.0733952060099488
425 41.25 -2.069710334344706
426 41.3 -2.0659920185189287
427 41.35 -2.062240289523688
428 41.4 -2.058455178245729
429 41.45 -2.0546367154678844
430 41.5 -2.0507849318694875
431 41.55 -2.046899858026783
432 41.6 -2.0429815244133356
433 41.65 -2.0390299614004337
434 41.7 -2.035045199257495
435 41.75 -2.0310272681524673
436 41.8 -2.026976198152226
437 41.85 -2.0228920192229727
438 41.9 -2.018774761230629
439 41.95 -2.0146244539412272
440 42.0 -2.0104411270213034
441 42.05 -2.006224810038283
442 42.1 -2.001975532460868
443 42.15 -1.9976933236594188
444 42.2 -1.9933782129063367
445 42.25 -1.989030229376444
446 42.3 -1.98464940214736
447 42.35 -1.9802357601998766
448 42.4 -1.9757893324183315
449 42.45 -1.971310147590979
450 42.5 -1.966798234410358
451 42.55 -1.9622536214736614
452 42.6 -1.9576763372830985
453 42.65 -1.953066410246259
454 42.7 -1.9484238686764737
455 42.75 -1.9437487407931733
456 42.8 -1.9390410547222454
457 42.85 -1.9343008384963896
458 42.9 -1.9295281200554706
459 42.95 -1.9247229272468684
460 43.0 -1.9198852878258286
461 43.05 -1.9150152294558092
462 43.1 -1.910112779708826
463 43.15 -1.905177966065796
464 43.2 -1.9002108159168791
465 43.25 -1.8952113565618183
466 43.3 -1.8901796152102766
467 43.35 -1.8851156189821738
468 43.4 -1.880019394908021
469 43.45 -1.8748909699292526
470 43.5 -1.8697303708985569
471 43.55 -1.8645376245802052
472 43.6 -1.8593127576503794
473 43.65 -1.8540557966974964
474 43.7 -1.8487667682225324
475 43.75 -1.8434456986393442
476 43.8 -1.83809261427499
477 43.85 -1.8327075413700475
478 43.9 -1.8272905060789304
479 43.95 -1.8218415344702032
480 44.0 -1.816360652526896
481 44.05 -1.8108478861468142
482 44.1 -1.80530326114285
483 44.15 -1.7997268032432898
484 44.2 -1.7941185380921212
485 44.25 -1.7884784912493383
486 44.3 -1.7828066881912454
487 44.35 -1.777103154310758
488 44.4 -1.7713679149177033
489 44.45 -1.7656009952391196
490 44.5 -1.7598024204195526
491 44.55 -1.753972215521351
492 44.6 -1.748110405524961
493 44.65 -1.7422170153292182
494 44.7 -1.7362920697516386
495 44.75 -1.730335593528708
496 44.8 -1.7243476113161693
497 44.85 -1.7183281476893095
498 44.9 -1.7122772271432445
499 44.95 -1.706194874093202
500 45.0 -1.700081112874804
501 45.05 -1.693935967744345
502 45.1 -1.6877594628790744
503 45.15 -1.6815516223774714
504 45.2 -1.6753124702595215
505 45.25 -1.6690420304669908
506 45.3 -1.6627403268637007
507 45.35 -1.656407383235797
508 45.4 -1.6500432232920235
509 45.45 -1.6436478706639872
510 45.5 -1.6372213489064285
511 45.55 -1.6307636814974866
512 45.6 -1.6242748918389636
513 45.65 -1.6177550032565886
514 45.7 -1.6112040390002798
515 45.75 -1.6046220222444043
516 45.8 -1.5980089760880383
517 45.85 -1.5913649235552247
518 45.9 -1.5846898875952293
519 45.95 -1.577983891082798
520 46.0 -1.5712469568184078
521 46.05 -1.5644791075285218
522 46.1 -1.5576803658658407
523 46.15 -1.5508507544095518
524 46.2 -1.5439902956655787
525 46.25 -1.5370990120668278
526 46.3 -1.5301769259734357
527 46.35 -1.5232240596730147
528 46.4 -1.5162404353808947
529 46.45 -1.5092260752403681
530 46.5 -1.5021810013229293
531 46.55 -1.4951052356285164
532 46.6 -1.4879988000857483
533 46.65 -1.480861716552164
534 46.7 -1.4736940068144586
535 46.75 -1.466495692588718
536 46.8 -1.4592667955206544
537 46.85 -1.4520073371858373
538 46.9 -1.444717339089927
539 46.95 -1.4373968226689045
540 47.0 -1.4300458092893007
541 47.05 -1.422664320248425
542 47.1 -1.4152523767745926
543 47.15 -1.4078100000273492
544 47.2 -1.4003372110976984
545 47.25 -1.3928340310083223
546 47.3 -1.385300480713807
547 47.35 -1.377736581100862
548 47.4 -1.3701423529885413
549 47.45 -1.362517817128463
550 47.5 -1.3548629942050276
551 47.55 -1.347177904835634
552 47.6 -1.339462569570896
553 47.65 -1.3317170088948584
554 47.7 -1.3239412432252091
555 47.75 -1.316135292913493
556 47.8 -1.3082991782453233
557 47.85 -1.3004329194405926
558 47.9 -1.2925365366536823
559 47.95 -1.2846100499736708
560 48.0 -1.2766534794245417
561 48.05 -1.2686668449653904
562 48.1 -1.2606501664906284
563 48.15 -1.2526034638301904
564 48.2 -1.244526756749735
565 48.25 -1.2364200649508477
566 48.3 -1.2282834080712448
567 48.35 -1.2201168056849705
568 48.4 -1.2119202773025994
569 48.45 -1.2036938423714336
570 48.5 -1.1954375202756995
571 48.55 -1.1871513303367456
572 48.6 -1.1788352918132385
573 48.65 -1.1704894239013566
574 48.7 -1.1621137457349837
575 48.75 -1.1537082763859028
576 48.8 -1.1452730348639866
577 48.85 -1.1368080401173895
578 48.9 -1.1283133110327377
579 48.95 -1.119788866435317
580 49.0 -1.1112347250892622
581 49.05 -1.1026509056977436
582 49.1 -1.0940374269031525
583 49.15 -1.0853943072872885
584 49.2 -1.0767215653715427
585 49.25 -1.068019219617082
586 49.3 -1.05928728842503
587 49.35 -1.0505257901366518
588 49.4 -1.041734743033532
589 49.45 -1.032914165337757
590 49.5 -1.024064075212092
591 49.55 -1.0151844907601617
592 49.6 -1.0062754300266257
593 49.65 -0.9973369109973563
594 49.7 -0.9883689515996139
595 49.75 -0.9793715697022216
596 49.8 -0.9703447831157398
597 49.85 -0.9612886095926394
598 49.9 -0.9522030668274729
599 49.95 -0.9430881724570479
600 50.0 -0.9339439440605963
601 50.05 -0.9247703991599451
602 50.1 -0.9155675552196851
603 50.15 -0.9063354296473383
604 50.2 -0.8970740397935278
605 50.25 -0.8877834029521421
606 50.3 -0.878463536360502
607 50.35 -0.8691144571995253
608 50.4 -0.8597361825938916
609 50.45 -0.850328729612206
610 50.5 -0.8408921152671595
611 50.55 -0.8314263565156943
612 50.6 -0.8219314702591631
613 50.65 -0.8124074733434894
614 50.7 -0.802854382559328
615 50.75 -0.7932722146422224
616 50.8 -0.7836609862727657
617 50.85 -0.7740207140767555
618 50.9 -0.7643514146253504
619 50.95 -0.7546531044352274
620 51.0 -0.7449257999687359
621 51.05 -0.7351695176340539
622 51.1 -0.7253842737853387
623 51.15 -0.7155700847228817
624 51.2 -0.7057269666932613
625 51.25 -0.6958549358894921
626 51.3 -0.685954008451179
627 51.35 -0.6760242004646637
628 51.4 -0.6660655279631758
629 51.45 -0.6560780069269811
630 51.5 -0.6460616532835317
631 51.55 -0.6360164829076089
632 51.6 -0.6259425116214734
633 51.65 -0.6158397551950101
634 51.7 -0.6057082293458712
635 51.75 -0.5955479497396249
636 51.8 -0.5853589319898965
637 51.85 -0.575141191658511
638 51.9 -0.564894744255638
639 51.95 -0.5546196052399304
640 52.0 -0.5443157900186683
641 52.05 -0.5339833139478976
642 52.1 -0.5236221923325709
643 52.15 -0.5132324404266853
644 52.2 -0.5028140734334234
645 52.25 -0.4923671065052896
646 52.3 -0.48189155474424566
647 52.35 -0.4713874332018517
648 52.4 -0.4608547568793955
649 52.45 -0.4502935407280351
650 52.5 -0.4397037996489278
651 52.55 -0.4290855484933682
652 52.6 -0.41843880206291867
653 52.65 -0.40776357510954364
654 52.7 -0.3970598823357403
655 52.75 -0.38632773839467216
656 52.8 -0.3755671578902997
657 52.85 -0.3647781553775083
658 52.9 -0.3539607453622406
659 52.95 -0.3431149423016257
660 53.0 -0.33224076060410496
661 53.05 -0.32133821462956236
662 53.1 -0.31040731868945043
663 53.15 -0.2994480870469184
664 53.2 -0.2884605339169373
665 53.25 -0.27744467346642476
666 53.3 -0.2664005198143719
667 53.35 -0.25532808703196586
668 53.4 -0.2442273891427161
669 53.45 -0.23309844012257452
670 53.5 -0.22194125390006023
671 53.55 -0.2107558443563804
672 53.6 -0.19954222532555238
673 53.65 -0.18830041059452512
674 53.7 -0.1770304139032996
675 53.75 -0.16573224894504687
676 53.8 -0.15440592936623027
677 53.85 -0.14305146876672015
678 53.9 -0.13166888069991678
679 53.95 -0.12025817867286519
680 54.0 -0.10881937614637191
681 54.05 -0.09735248653512235
682 54.1 -0.08585752320779708
683 54.15 -0.07433449948718715
684 54.2 -0.06278342865030836
685 54.25 -0.05120432392851682
686 54.3 -0.03959719850762228
687 54.35 -0.02796206552800115
688 54.4 -0.016298938084709606
689 54.45 -0.004607829227595143
690 54.5 0.007111248038588773
691 54.55 0.01885828075407541
692 54.6 0.030633256003972053
693 54.65 0.042436160918148794
694 54.7 0.054266982671130046
695 54.75 0.0661257084819864
696 54.8 0.07801232561422208
697 54.85 0.08992682137567165
698 54.9 0.10186918311838691
699 54.95 0.11383939823853664
700 55.0 0.1258374541762911
701 55.05 0.13786333841572418
702 55.1 0.14991703848470267
703 55.15 0.1619985419547818
704 55.2 0.17410783644110042
705 55.25 0.18624490960227766
706 55.3 0.19840974914030804
707 55.35 0.21060234280046047
708 55.4 0.22282267837117195
709 55.45 0.23507074368394584
710 55.5 0.24734652661325335
711 55.55 0.2596500150764272
712 55.6 0.2719811970335625
713 55.65 0.28434006048741917
714 55.7 0.29672659348331837
715 55.75 0.3091407841090442
716 55.8 0.3215826204947433
717 55.85 0.33405209081282616
718 55.9 0.3465491832778717
719 55.95 0.3590738861465276
720 56.0 0.3716261877174122
721 56.05 0.3842060763310167
722 56.1 0.3968135403696144
723 56.15 0.40944856825715753
724 56.2 0.422111148459185
725 56.25 0.4348012694827273
726 56.3 0.44751891987621273
727 56.35 0.46026408822936876
728 56.4 0.47303676317313625
729 56.45 0.4858369333795681
730 56.5 0.4986645875617398
731 56.55 0.5115197144736559
732 56.6 0.5244023029101589
733 56.65 0.5373123417068393
734 56.7 0.5502498197399401
735 56.75 0.5632147259262691
736 56.8 0.576207049223105
737 56.85 0.5892267786281135
738 56.9 0.6022739031792499
739 56.95 0.6153484119546788
740 57.0 0.6284502940726776
741 57.05 0.6415795386915522
742 57.1 0.6547361350095487
743 57.15 0.6679200722647626
744 57.2 0.6811313397350548
745 57.25 0.6943699267379663
746 57.3 0.7076358226306277
747 57.35 0.7209290168096778
748 57.4 0.7342494987111736
749 57.45 0.747597257810506
750 57.5 0.7609722836223186
751 57.55 0.7743745657004208
752 57.6 0.7878040936377014
753 57.65 0.8012608570660522
754 57.7 0.8147448456562743
755 57.75 0.8282560491180041
756 57.8 0.8417944571996294
757 57.85 0.8553600596882024
758 57.9 0.8689528464093644
759 57.95 0.8825728072272593
760 58.0 0.8962199320444547
761 58.05 0.9098942108018622
762 58.1 0.9235956334786578
763 58.15 0.937324190092199
764 58.2 0.9510798706979479
765 58.25 0.9648626653893911
766 58.3 0.9786725642979608
767 58.35 0.9925095575929576
768 58.4 1.006373635481472
769 58.45 1.0202647882083054
770 58.5 1.0341830060558947
771 58.55 1.048128279344236
772 58.6 1.0621005984308036
773 58.65 1.076099953710481
774 58.7 1.0901263356154776
775 58.75 1.1041797346152564
776 58.8 1.118260141216463
777 58.85 1.132367545962843
778 58.9 1.146501939435173
779 58.95 1.160663312251185
780 59.0 1.1748516550654924
781 59.05 1.18906695856952
782 59.1 1.203309213491422
783 59.15 1.2175784105960183
784 59.2 1.231874540684719
785 59.25 1.2461975945954524
786 59.3 1.2605475632025898
787 59.35 1.274924437416883
788 59.4 1.2893282081853839
789 59.45 1.3037588664913782
790 59.5 1.318216403354316
791 59.55 1.3327008098297366
792 59.6 1.347212077009207
793 59.65 1.361750196020246
794 59.7 1.3763151580262563
795 59.75 1.390906954226456
796 59.8 1.4055255758558132
797 59.85 1.4201710141849724
798 59.9 1.4348432605201922
799 59.95 1.4495423062032746
800 60.0 1.464268142611498
801 60.05 1.4790207611575505
802 60.1 1.4938001532894678
803 60.15 1.5086063104905565
804 60.2 1.523439224279341
805 60.25 1.5382988862094882
806 60.3 1.5531852878697483
807 60.35 1.568098420883885
808 60.4 1.5830382769106126
809 60.45 1.598004847643536
810 60.5 1.6129981248110807
811 60.55 1.628018100176432
812 60.6 1.6430647655374684
813 60.65 1.6581381127267054
814 60.7 1.6732381336112265
815 60.75 1.6883648200926213
816 60.8 1.7035181641069244
817 60.85 1.7186981576245566
818 60.9 1.733904792650255
819 60.95 1.749138061223022
820 61.0 1.7643979554160552
821 61.05 1.7796844673366954
822 61.1 1.794997589126357
823 61.15 1.8103373129604736
824 61.2 1.8257036310484374
825 61.25 1.8410965356335365
826 61.3 1.8565160189929022
827 61.35 1.87196207343744
828 61.4 1.887434691311784
829 61.45 1.9029338649942262
830 61.5 1.918459586896664
831 61.55 1.9340118494645404
832 61.6 1.9495906451767933
833 61.65 1.9651959665457848
834 61.7 1.9808278061172566
835 61.75 1.9964861564702683
836 61.8 2.0121710102171417
837 61.85 2.027882360003399
838 61.9 2.043620198507716
839 61.95 2.0593845184418624
840 62.0 2.0751753125506442
841 62.05 2.0909925736118553
842 62.1 2.1068362944362136
843 62.15 2.12270646786731
844 62.2 2.1386030867815595
845 62.25 2.154526144088138
846 62.3 2.1704756327289334
847 62.35 2.1864515456784965
848 62.4 2.202453875943978
849 62.45 2.2184826165650846
850 62.5 2.2345377606140193
851 62.55 2.2506193011954343
852 62.6 2.2667272314463727
853 62.65 2.282861544536221
854 62.7 2.299022233666661
855 62.75 2.3152092920716068
856 62.8 2.3314227130171683
857 62.85 2.3476624898015883
858 62.9 2.363928615755196
859 62.95 2.3802210842403633
860 63.0 2.3965398886514393
861 63.05 2.4128850224147147
862 63.1 2.429256478988366
863 63.15 2.4456542518624063
864 63.2 2.4620783345586355
865 63.25 2.4785287206305964
866 63.3 2.4950054036635203
867 63.35 2.5115083772742794
868 63.4 2.528037635111342
869 63.45 2.54459317085472
870 63.5 2.5611749782159277
871 63.55 2.577783050937926
872 63.6 2.594417382795084
873 63.65 2.611077967593124
874 63.7 2.6277647991690802
875 63.75 2.644477871391249
876 63.8 2.6612171781591476
877 63.85 2.67798271340346
878 63.9 2.6947744710860007
879 63.95 2.711592445199659
880 64.0 2.7284366297683653
881 64.05 2.7453070188470368
882 64.1 2.7622036065215356
883 64.15 2.7791263869086262
884 64.2 2.796075354155927
885 64.25 2.8130505024418686
886 64.3 2.830051825975653
887 64.35 2.8470793189972046
888 64.4 2.8641329757771303
889 64.45 2.8812127906166722
890 64.5 2.8983187578476697
891 64.55 2.9154508718325163
892 64.6 2.9326091269641097
893 64.65 2.9497935176658223
894 64.7 2.9670040383914493
895 64.75 2.9842406836251705
896 64.8 3.001503447881505
897 64.85 3.018792325705276
898 64.9 3.036107311671561
899 64.95 3.053448400385663
900 65.0 3.0708155864830595
901 65.05 3.0882088646293657
902 65.1 3.1056282295202986
903 65.15 3.1230736758816255
904 65.2 3.140545198469135
905 65.25 3.1580427920685943
906 65.3 3.175566451495708
907 65.35 3.1931161715960767
908 65.4 3.2106919472451665
909 65.45 3.2282937733482617
910 65.5 3.245921644840433
911 65.55 3.2635755566864937
912 65.6 3.281255503880961
913 65.65 3.298961481448028
914 65.7 3.31669348444151
915 65.75 3.334451507944826
916 65.8 3.3522355470709426
917 65.85 3.37004559696235
918 65.9 3.3878816527910214
919 65.95 3.405743709758371
920 66.0 3.42363176309523
921 66.05 3.441545808061797
922 66.1 3.45948583994761
923 66.15 3.4774518540715094
924 66.2 3.4954438457816015
925 66.25 3.51346181045522
926 66.3 3.531505743498896
927 66.35 3.549575640348319
928 66.4 3.5676714964683103
929 66.45 3.585793307352776
930 66.5 3.6039410685246795
931 66.55 3.622114775536009
932 66.6 3.640314423967741
933 66.65 3.658540009429804
934 66.7 3.67682404222956
935 66.75 3.695130396419288
936 66.8 3.713459024943072
937 66.85 3.731809881028942
938 66.9 3.750182918186264
939 66.95 3.768578090203135
940 67.0 3.7869953511438426
941 67.05 3.805434655346329
942 67.1 3.8238959574197064
943 67.15 3.842379212241793
944 67.2 3.860884374956689
945 67.25 3.879411400972374
946 67.3 3.8979602459583464
947 67.35 3.91653086584328
948 67.4 3.935123216812715
949 67.45 3.9537372553067818
950 67.5 3.972372938017952
951 67.55 3.991030221888805
952 67.6 4.009709064109846
953 67.65 4.028409422117325
954 67.7 4.0471312535911
955 67.75 4.065874516452523
956 67.8 4.084639168862342
957 67.85 4.103425169218647
958 67.9 4.122232476154817
959 67.95 4.141061048537514
960 68.0 4.159910845464692
961 68.05 4.178781826263617
962 68.1 4.197673950488941
963 68.15 4.216587177920773
964 68.2 4.235521468562771
965 68.25 4.254476782640285
966 68.3 4.27345308059849
967 68.35 4.2924503231005495
968 68.4 4.311468471025826
969 68.45 4.330507485468074
970 68.5 4.349567327733667
971 68.55 4.368647959339873
972 68.6 4.387749342013101
973 68.65 4.4068714376872
974 68.7 4.426014208501783
975 68.75 4.4451776168005415
976 68.8 4.464361625129604
977 68.85 4.483566196235903
978 68.9 4.5027912930655525
979 68.95 4.5220368787622665
980 69.0 4.541302916665777
981 69.05 4.5605893703102725
982 69.1 4.579896203422859
983 69.15 4.599223379922028
984 69.2 4.618570863916161
985 69.25 4.63793861970202
986 69.3 4.65732661176329
987 69.35 4.676734804769119
988 69.4 4.696163163572658
989 69.45 4.715611653209654
990 69.5 4.7350802388970274
991 69.55 4.75456888603148
992 69.6 4.774077560188114
993 69.65 4.793606227119059
994 69.7 4.8131548527521355
995 69.75 4.8327234031895
996 69.8 4.852311844706337
997 69.85 4.871920143749545
998 69.9 4.891548266936433
999 69.95 4.911196181053458
1000 70.0 4.930863853054939
1001 70.05 4.950551250061819
1002 70.1 4.970258339360416
1003 70.15 4.989985088401187
1004 70.2 5.009731464797525
1005 70.25 5.029497436324561
1006 70.3 5.049282970917955
1007 70.35 5.069088036672736
1008 70.4 5.088912601842127
1009 70.45 5.108756634836389
1010 70.5 5.128620104221696
1011 70.55 5.148502978718983
1012 70.6 5.168405227202842
1013 70.65 5.188326818700408
1014 70.7 5.208267722390267
1015 70.75 5.22822790760137
1016 70.8 5.248207343811957
1017 70.85 5.268206000648491
1018 70.9 5.288223847884619
1019 70.95 5.308260855440117
1020 71.0 5.3283169933798575
1021 71.05 5.3483922319128006
1022 71.1 5.368486541390968
1023 71.15 5.388599892308449
1024 71.2 5.408732255300414
1025 71.25 5.428883601142122
1026 71.3 5.449053900747956
1027 71.35 5.4692431251704585
1028 71.4 5.489451245599382
1029 71.45 5.509678233360731
1030 71.5 5.529924059915846
1031 71.55 5.550188696860469
1032 71.6 5.570472115923825
1033 71.65 5.590774288967715
1034 71.7 5.611095187985618
1035 71.75 5.631434785101803
1036 71.8 5.651793052570438
1037 71.85 5.672169962774729
1038 71.9 5.692565488226039
1039 71.95 5.712979601563049
1040 72.0 5.733412275550888
1041 72.05 5.753863483080309
1042 72.1 5.77433319716685
1043 72.15 5.794821390950004
1044 72.2 5.815328037692402
1045 72.25 5.835853110779009
1046 72.3 5.856396583716321
1047 72.35 5.87695843013156
1048 72.4 5.8975386237718945
1049 72.45 5.918137138503661
1050 72.5 5.938753948311573
1051 72.55 5.959389027297985
1052 72.6 5.980042349682104
1053 72.65 6.000713889799251
1054 72.7 6.021403622100111
1055 72.75 6.0421115211500025
1056 72.8 6.062837561628128
1057 72.85 6.083581718326874
1058 72.9 6.104343966151069
1059 72.95 6.12512428011727
1060 73.0 6.145922635353083
1061 73.05 6.1667390070964325
1062 73.1 6.187573370694885
1063 73.15 6.208425701604959
1064 73.2 6.229295975391435
1065 73.25 6.250184167726702
1066 73.3 6.271090254390056
1067 73.35 6.2920142112670545
1068 73.4 6.3129560143488765
1069 73.45 6.333915639731629
1070 73.5 6.354893063615732
1071 73.55 6.375888262305276
1072 73.6 6.3969012122073705
1073 73.65 6.417931889831531
1074 73.7 6.438980271789048
1075 73.75 6.460046334792365
1076 73.8 6.4811300556544715
1077 73.85 6.5022314112882835
1078 73.9 6.523350378706061
1079 73.95 6.544486935018799
1080 74.0 6.565641057435628
1081 74.05 6.586812723263236
1082 74.1 6.608001909905277
1083 74.15 6.629208594861805
1084 74.2 6.650432755728695
1085 74.25 6.671674370197078
1086 74.3 6.692933416052771
1087 74.35 6.714209871175718
1088 74.4 6.735503713539449
1089 74.45 6.756814921210523
1090 74.5 6.7781434723479865
1091 74.55 6.799489345202815
1092 74.6 6.820852518117406
1093 74.65 6.842232969525042
1094 74.7 6.86363067794934
1095 74.75 6.885045622003748
1096 74.8 6.9064777803910395
1097 74.85 6.927927131902767
1098 74.9 6.94939365541878
1099 74.95 6.970877329906709
1100 75.0 6.992378134421463
1101 75.05 7.013896048104731
1102 75.1 7.035431050184501
1103 75.15 7.056983119974563
1104 75.2 7.078552236874007
1105 75.25 7.1001383803667695
1106 75.3 7.121741530021132
1107 75.35 7.143361665489281
1108 75.4 7.164998766506796
1109 75.45 7.1866528128922065
1110 75.5 7.208323784546531
1111 75.55 7.230011661452824
1112 75.6 7.251716423675692
1113 75.65 7.273438051360864
1114 75.7 7.295176524734748
1115 75.75 7.316931824103968
1116 75.8 7.338703929854952
1117 75.85 7.3604928224534545
1118 75.9 7.382298482444167
1119 75.95 7.404120890450245
1120 76.0 7.425960027172914
1121 76.05 7.447815873391034
1122 76.1 7.469688409960662
1123 76.15 7.491577617814661
1124 76.2 7.513483477962274
1125 76.25 7.535405971488705
1126 76.3 7.557345079554741
1127 76.35 7.579300783396306
1128 76.4 7.601273064324084
1129 76.45 7.623261903723123
1130 76.5 7.645267283052426
1131 76.55 7.667289183844569
1132 76.6 7.689327587705307
1133 76.65 7.711382476313193
1134 76.7 7.733453831419179
1135 76.75 7.755541634846258
1136 76.8 7.777645868489065
1137 76.85 7.799766514313528
1138 76.9 7.821903554356456
1139 76.95 7.844056970725216
1140 77.0 7.866226745597327
1141 77.05 7.888412861220129
1142 77.1 7.910615299910385
1143 77.15 7.932834044053961
1144 77.2 7.9550690761054526
1145 77.25 7.97732037858782
1146 77.3 7.99958793409206
1147 77.35 8.021871725276839
1148 77.4 8.044171734868167
1149 77.45 8.066487945659038
1150 77.5 8.088820340509093
1151 77.55 8.11116890234429
1152 77.6 8.133533614156562
1153 77.65 8.15591445900349
1154 77.7 8.178311420007958
1155 77.75 8.200724480357843
1156 77.8 8.223153623305686
1157 77.85 8.245598832168355
1158 77.9 8.26806009032674
1159 77.95 8.290537381225425
1160 78.0 8.31303068837237
1161 78.05 8.335539995338605
1162 78.1 8.358065285757922
1163 78.15 8.380606543326543
1164 78.2 8.403163751802841
1165 78.25 8.425736895007004
1166 78.3 8.448325956820772
1167 78.35 8.470930921187097
1168 78.4 8.493551772109868
1169 78.45 8.516188493653601
1170 78.5 8.538841069943153
1171 78.55 8.561509485163427
1172 78.6 8.584193723559078
1173 78.65 8.606893769434237
1174 78.7 8.629609607152211
1175 78.75 8.652341221135197
1176 78.8 8.675088595864016
1177 78.85 8.697851715877814
1178 78.9 8.720630565773794
1179 78.95 8.743425130206946
1180 79.0 8.766235393889751
1181 79.05 8.789061341591928
1182 79.1 8.811902958140163
1183 79.15 8.834760228417831
1184 79.2 8.85763313736472
1185 79.25 8.880521669976781
1186 79.3 8.903425811305874
1187 79.35 8.92634554645948
1188 79.4 8.949280860600457
1189 79.45 8.972231738946789
1190 79.5 8.995198166771308
1191 79.55 9.018180129401454
1192 79.6 9.041177612219025
1193 79.65 9.064190600659918
1194 79.7 9.08721908021388
1195 79.75 9.110263036424264
1196 79.8 9.133322454887782
1197 79.85 9.156397321254255
1198 79.9 9.179487621226386
1199 79.95 9.2025933405595
1200 80.0 9.22571446506131
1201 80.05 9.24885098059169
1202 80.1 9.272002873062426
1203 80.15 9.295170128436984
1204 80.2 9.318352732730277
1205 80.25 9.341550672008447
1206 80.3 9.364763932388607
1207 80.35 9.387992500038632
1208 80.4 9.411236361176936
1209 80.45 9.434495502072231
1210 80.5 9.457769909043309
1211 80.55 9.481059568458832
1212 80.6 9.504364466737083
1213 80.65 9.527684590345773
1214 80.7 9.551019925801816
1215 80.75 9.57437045967109
1216 80.8 9.59773617856827
1217 80.85 9.621117069156552
1218 80.9 9.644513118147495
1219 80.95 9.667924312300782
1220 81.0 9.691350638424009
1221 81.05 9.71479208337249
1222 81.1 9.738248634049036
1223 81.15 9.761720277403759
1224 81.2 9.78520700043387
1225 81.25 9.80870879018346
1226 81.3 9.83222563374332
1227 81.35 9.85575751825071
1228 81.4 9.879304430889201
1229 81.45 9.902866358888438
1230 81.5 9.926443289523954
1231 81.55 9.950035210116999
1232 81.6 9.973642108034314
1233 81.65 9.997263970687948
1234 81.7 10.020900785535078
1235 81.75 10.044552540077811
1236 81.8 10.068219221862975
1237 81.85 10.09190081848196
1238 81.9 10.115597317570513
1239 81.95 10.139308706808569
1240 82.0 10.163034973920048
1241 82.05 10.186776106672676
1242 82.1 10.21053209287781
1243 82.15 10.234302920390254
1244 82.2 10.258088577108069
1245 82.25 10.281889050972413
1246 82.3 10.305704329967346
1247 82.35 10.329534402119654
1248 82.4 10.35337925549868
1249 82.45 10.377238878216168
1250 82.5 10.401113258426042
1251 82.55 10.425002384324282
1252 82.6 10.44890624414871
1253 82.65 10.472824826178853
1254 82.7 10.496758118735771
1255 82.75 10.520706110181866
1256 82.8 10.544668788920726
1257 82.85 10.56864614339697
1258 82.9 10.592638162096081
1259 82.95 10.616644833544225
1260 83.0 10.640666146308092
1261 83.05 10.664702088994751
1262 83.1 10.688752650251473
1263 83.15 10.712817818765574
1264 83.2 10.73689758326425
1265 83.25 10.760991932514441
1266 83.3 10.785100855322648
1267 83.35 10.809224340534778
1268 83.4 10.83336237703602
1269 83.45 10.857514953750643
1270 83.5 10.88168205964188
1271 83.55 10.905863683711777
1272 83.6 10.930059815000988
1273 83.65 10.954270442588703
1274 83.7 10.978495555592435
1275 83.75 11.002735143167905
1276 83.8 11.026989194508882
1277 83.85 11.051257698847012
1278 83.9 11.075540645451737
1279 83.95 11.099838023630072
1280 84.0 11.124149822726526
1281 84.05 11.148476032122913
1282 84.1 11.172816641238214
1283 84.15 11.19717163952847
1284 84.2 11.221541016486608
1285 84.25 11.245924761642302
1286 84.3 11.270322864561848
1287 84.35 11.294735314848015
1288 84.4 11.319162102139913
1289 84.45 11.343603216112843
1290 84.5 11.368058646478188
1291 84.55 11.392528382983237
1292 84.6 11.41701241541109
1293 84.65 11.441510733580497
1294 84.7 11.466023327345747
1295 84.75 11.490550186596504
1296 84.8 11.515091301257721
1297 84.85 11.539646661289451
1298 84.9 11.564216256686766
1299 84.95 11.588800077479615
1300 85.0 11.613398113732682
1301 85.05 11.63801035554526
1302 85.1 11.662636793051144
1303 85.15 11.68727741641849
1304 85.2 11.711932215849666
1305 85.25 11.73660118158118
1306 85.3 11.76128430388351
1307 85.35 11.785981573061017
1308 85.4 11.81069297945177
1309 85.45 11.835418513427479
1310 85.5 11.860158165393356
1311 85.55 11.884911925787964
1312 85.6 11.909679785083144
1313 85.65 11.93446173378385
1314 85.7 11.959257762428084
1315 85.75 11.984067861586714
1316 85.8 12.008892021863423
1317 85.85 12.033730233894532
1318 85.9 12.058582488348932
1319 85.95 12.08344877592793
1320 86.0 12.108329087365163
1321 86.05 12.13322341342647
1322 86.1 12.158131744909774
1323 86.15 12.183054072644996
1324 86.2 12.207990387493899
1325 86.25 12.232940680350008
1326 86.3 12.25790494213852
1327 86.35 12.282883163816122
1328 86.4 12.307875336370946
1329 86.45 12.33288145082244
1330 86.5 12.357901498221242
1331 86.55 12.382935469649114
1332 86.6 12.407983356218795
1333 86.65 12.433045149073909
1334 86.7 12.458120839388851
1335 86.75 12.483210418368701
1336 86.8 12.508313877249092
1337 86.85 12.533431207296147
1338 86.9 12.558562399806307
1339 86.95 12.583707446106315
1340 87.0 12.60886633755303
1341 87.05 12.634039065533376
1342 87.1 12.659225621464238
1343 87.15 12.684425996792324
1344 87.2 12.709640182994129
1345 87.25 12.734868171575751
1346 87.3 12.760109954072872
1347 87.35 12.785365522050613
1348 87.4 12.810634867103461
1349 87.45 12.835917980855124
1350 87.5 12.861214854958488
1351 87.55 12.886525481095523
1352 87.6 12.911849850977124
1353 87.65 12.937187956343072
1354 87.7 12.962539788961937
1355 87.75 12.987905340630933
1356 87.8 13.013284603175888
1357 87.85 13.038677568451124
1358 87.9 13.064084228339345
1359 87.95 13.08950457475156
1360 88.0 13.114938599627022
1361 88.05 13.140386294933077
1362 88.1 13.165847652665112
1363 88.15 13.191322664846448
1364 88.2 13.216811323528288
1365 88.25 13.242313620789556
1366 88.3 13.267829548736874
1367 88.35 13.293359099504446
1368 88.4 13.31890226525397
1369 88.45 13.344459038174548
1370 88.5 13.370029410482601
1371 88.55 13.395613374421792
1372 88.6 13.42121092226292
1373 88.65 13.446822046303867
1374 88.7 13.47244673886948
1375 88.75 13.498084992311503
1376 88.8 13.523736799008475
1377 88.85 13.549402151365689
1378 88.9 13.575081041815032
1379 88.95 13.600773462814978
1380 89.0 13.62647940685047
1381 89.05 13.65219886643285
1382 89.1 13.677931834099773
1383 89.15 13.703678302415096
1384 89.2 13.72943826396885
1385 89.25 13.755211711377141
1386 89.3 13.78099863728203
1387 89.35 13.806799034351515
1388 89.4 13.832612895279414
1389 89.45 13.85844021278528
1390 89.5 13.884280979614358
1391 89.55 13.910135188537483
1392 89.6 13.936002832351004
1393 89.65 13.961883903876714
1394 89.7 13.98777839596174
1395 89.75 14.013686301478542
1396 89.8 14.039607613324748
1397 89.85 14.065542324423152
1398 89.9 14.091490427721578
1399 89.95 14.117451916192854
1400 90.0 14.1434267828347
1401 90.05 14.169415020669698
1402 90.1 14.195416622745183
1403 90.15 14.22143158213316
1404 90.2 14.247459891930268
1405 90.25 14.273501545257696
1406 90.3 14.299556535261088
1407 90.35 14.325624855110503
1408 90.4 14.351706498000306
1409 90.45 14.37780145714915
1410 90.5 14.403909725799858
1411 90.55 14.430031297219363
1412 90.6 14.456166164698667
1413 90.65 14.48231432155272
1414 90.7 14.508475761120403
1415 90.75 14.534650476764442
1416 90.8 14.560838461871311
1417 90.85 14.587039709851188
1418 90.9 14.613254214137909
1419 90.95 14.639481968188868
1420 91.0 14.665722965484942
1421 91.05 14.691977199530479
1422 91.1 14.718244663853154
1423 91.15 14.744525352003977
1424 91.2 14.770819257557166
1425 91.25 14.797126374110128
1426 91.3 14.823446695283376
1427 91.35 14.84978021472045
1428 91.4 14.876126926087878
1429 91.45 14.902486823075087
1430 91.5 14.928859899394396
1431 91.55 14.955246148780864
1432 91.6 14.98164556499227
1433 91.65 15.00805814180909
1434 91.7 15.034483873034366
1435 91.75 15.060922752493694
1436 91.8 15.087374774035132
1437 91.85 15.113839931529151
1438 91.9 15.140318218868583
1439 91.95 15.166809629968546
1440 92.0 15.193314158766382
1441 92.05 15.219831799221614
1442 92.1 15.246362545315854
1443 92.15 15.272906391052778
1444 92.2 15.299463330458076
1445 92.25 15.326033357579325
1446 92.3 15.352616466486007
1447 92.35 15.379212651269393
1448 92.4 15.405821906042533
1449 92.45 15.432444224940179
1450 92.5 15.459079602118694
1451 92.55 15.485728031756073
1452 92.6 15.512389508051799
1453 92.65 15.539064025226832
1454 92.7 15.565751577523569
1455 92.75 15.592452159205726
1456 92.8 15.619165764558359
1457 92.85 15.645892387887754
1458 92.9 15.672632023521388
1459 92.95 15.699384665807884
1460 93.0 15.726150309116935
1461 93.05 15.75292894783927
1462 93.1 15.779720576386584
1463 93.15 15.806525189191504
1464 93.2 15.833342780707515
1465 93.25 15.860173345408915
1466 93.3 15.88701687779077
1467 93.35 15.913873372368856
1468 93.4 15.940742823679585
1469 93.45 15.967625226279981
1470 93.5 15.994520574747625
1471 93.55 16.021428863680587
1472 93.6 16.048350087697386
1473 93.65 16.07528424143695
1474 93.7 16.10223131955855
1475 93.75 16.129191316741725
1476 93.8 16.156164227686293
1477 93.85 16.18315004711225
1478 93.9 16.21014876975972
1479 93.95 16.237160390388947
1480 94.0 16.264184903780233
1481 94.05 16.29122230473382
1482 94.1 16.318272588069952
1483 94.15 16.345335748628756
1484 94.2 16.372411781270184
1485 94.25 16.399500680874027
1486 94.3 16.42660244233982
1487 94.35 16.453717060586794
1488 94.4 16.480844530553846
1489 94.45 16.507984847199456
1490 94.5 16.53513800550171
1491 94.55 16.56230400045819
1492 94.6 16.589482827085977
1493 94.65 16.616674480421526
1494 94.7 16.64387895552071
1495 94.75 16.671096247458742
1496 94.8 16.698326351330085
1497 94.85 16.725569262248467
1498 94.9 16.75282497534683
1499 94.95 16.780093485777225
1500 95.0 16.807374788710845
1501 95.05 16.834668879337933
1502 95.1 16.86197575286776
1503 95.15 16.88929540452855
1504 95.2 16.91662782956749
1505 95.25 16.94397302325063
1506 95.3 16.971330980862863
1507 95.35 16.998701697707904
1508 95.4 17.026085169108224
1509 95.45 17.053481390404983
1510 95.5 17.080890356958026
1511 95.55 17.108312064145853
1512 95.6 17.13574650736552
1513 95.65 17.163193682032663
1514 95.7 17.19065358358138
1515 95.75 17.21812620746426
1516 95.8 17.2456115491523
1517 95.85 17.273109604134888
1518 95.9 17.300620367919777
1519 95.95 17.32814383603297
1520 96.0 17.355680004018783
1521 96.05 17.383228867439712
1522 96.1 17.410790421876424
1523 96.15 17.438364662927768
1524 96.2 17.46595158621066
1525 96.25 17.493551187360097
1526 96.3 17.521163462029072
1527 96.35 17.548788405888594
1528 96.4 17.57642601462759
1529 96.45 17.60407628395289
1530 96.5 17.631739209589217
1531 96.55 17.659414787279108
1532 96.6 17.68710301278288
1533 96.65 17.714803881878606
1534 96.7 17.742517390362067
1535 96.75 17.770243534046767
1536 96.8 17.79798230876379
1537 96.85 17.825733710361863
1538 96.9 17.85349773470726
1539 96.95 17.881274377683802
1540 97.0 17.90906363519278
1541 97.05 17.936865503152944
1542 97.1 17.9646799775005
1543 97.15 17.99250705418899
1544 97.2 18.020346729189335
1545 97.25 18.048198998489745
1546 97.3 18.076063858095747
1547 97.35 18.103941304030084
1548 97.4 18.131831332332684
1549 97.45 18.159733939060697
1550 97.5 18.187649120288388
1551 97.55 18.215576872107118
1552 97.6 18.243517190625322
1553 97.65 18.27147007196847
1554 97.7 18.299435512279047
1555 97.75 18.327413507716468
1556 97.8 18.35540405445712
1557 97.85 18.383407148694275
1558 97.9 18.411422786638067
1559 97.95 18.439450964515462
1560 98.0 18.467491678570237
1561 98.05 18.495544925062934
1562 98.1 18.523610700270822
1563 98.15 18.551689000487883
1564 98.2 18.579779822024765
1565 98.25 18.607883161208747
1566 98.3 18.635999014383724
1567 98.35 18.66412737791016
1568 98.4 18.692268248165057
1569 98.45 18.720421621541934
1570 98.5 18.748587494450792
1571 98.55 18.77676586331808
1572 98.6 18.80495672458666
1573 98.65 18.83316007471577
1574 98.7 18.861375910181035
1575 98.75 18.889604227474376
1576 98.8 18.917845023104018
1577 98.85 18.946098293594467
1578 98.9 18.974364035486424
1579 98.95 19.002642245336837
1580 99.0 19.030932919718808
1581 99.05 19.05923605522159
1582 99.1 19.087551648450557
1583 99.15 19.115879696027164
1584 99.2 19.14422019458891
1585 99.25 19.172573140789357
1586 99.3 19.200938531298036
1587 99.35 19.229316362800454
1588 99.4 19.257706631998065
1589 99.45 19.28610933560824
1590 99.5 19.314524470364248
1591 99.55 19.342952033015195
1592 99.6 19.371392020326017
1593 99.65 19.39984442907746
1594 99.7 19.428309256066054
1595 99.75 19.456786498104073
1596 99.8 19.485276152019484
1597 99.85 19.513778214655982
1598 99.9 19.54229268287292
1599 99.95 19.570819553545267
1600 100.0 19.599358823563612
1601 100.05 19.627910489834147
1602 100.1 19.656474549278613
1603 100.15 19.68505099883428
1604 100.2 19.713639835453932
1605 100.25 19.74224105610582
1606 100.3 19.77085465777367
1607 100.35 19.799480637456615
1608 100.4 19.8281189921692
1609 100.45 19.85676971894134
1610 100.5 19.88543281481831
1611 100.55 19.914108276860713
1612 100.6 19.94279610214445
1613 100.65 19.97149628776069
1614 100.7 20.00020883081587
1615 100.75 20.028933728431646
1616 100.8 20.05767097774488
1617 100.85 20.086420575907603
1618 100.9 20.115182520087
1619 100.95 20.143956807465393
1620 101.0 20.172743435240214
1621 101.05 20.201542400623975
1622 101.1 20.23035370084422
1623 101.15 20.25917733314356
1624 101.2 20.288013294779603
1625 101.25 20.31686158302494
1626 101.3 20.34572219516715
1627 101.35 20.374595128508712
1628 101.4 20.403480380367057
1629 101.45 20.432377948074496
1630 101.5 20.461287828978215
1631 101.55 20.49021002044024
1632 101.6 20.519144519837443
1633 101.65 20.548091324561497
1634 101.7 20.577050432018858
1635 101.75 20.606021839630717
1636 101.8 20.635005544833028
1637 101.85 20.664001545076474
1638 101.9 20.693009837826395
1639 101.95 20.722030420562835
1640 102.0 20.75106329078048
1641 102.05 20.780108445988645
1642 102.1 20.809165883711245
1643 102.15 20.838235601486804
1644 102.2 20.86731759686839
1645 102.25 20.89641186742362
1646 102.3 20.925518410734668
1647 102.35 20.95463722439818
1648 102.4 20.983768306025294
1649 102.45 21.012911653241613
1650 102.5 21.04206726368718
1651 102.55 21.07123513501646
1652 102.6 21.10041526489834
1653 102.65 21.12960765101607
1654 102.7 21.158812291067253
1655 102.75 21.188029182763863
1656 102.8 21.217258323832183
1657 102.85 21.246499712012817
1658 102.9 21.27575334506061
1659 102.95 21.30501922074473
1660 103.0 21.334297336848557
1661 103.05 21.3635876911697
1662 103.1 21.39289028151998
1663 103.15 21.422205105725432
1664 103.2 21.451532161626215
1665 103.25 21.480871447076673
1666 103.3 21.5102229599453
1667 103.35 21.539586698114658
1668 103.4 21.56896265948145
1669 103.45 21.598350841956425
1670 103.5 21.627751243464417
1671 103.55 21.657163861944284
1672 103.6 21.68658869534894
1673 103.65 21.71602574164528
1674 103.7 21.745474998814196
1675 103.75 21.774936464850555
1676 103.8 21.804410137763178
1677 103.85 21.83389601557482
1678 103.9 21.86339409632219
1679 103.95 21.89290437805584
1680 104.0 21.922426858840257
1681 104.05 21.951961536753778
1682 104.1 21.981508409888608
1683 104.15 22.011067476350775
1684 104.2 22.04063873426013
1685 104.25 22.07022218175034
1686 104.3 22.099817816968834
1687 104.35 22.129425638076846
1688 104.4 22.159045643249335
1689 104.45 22.18867783067501
1690 104.5 22.21832219855633
1691 104.55 22.24797874510941
1692 104.6 22.2776474685641
1693 104.65 22.307328367163894
1694 104.7 22.337021439165994
1695 104.75 22.366726682841197
1696 104.8 22.396444096473953
1697 104.85 22.42617367836233
1698 104.9 22.45591542681798
1699 104.95 22.48566934016615
1700 105.0 22.515435416745664
1701 105.05 22.545213654908896
1702 105.1 22.575004053021754
1703 105.15 22.604806609463697
1704 105.2 22.634621322627655
1705 105.25 22.664448190920094
1706 105.3 22.694287212760937
1707 105.35 22.724138386583586
1708 105.4 22.7540017108349
1709 105.45 22.783877183975175
1710 105.5 22.813764804478126
1711 105.55 22.843664570830892
1712 105.6 22.873576481533995
1713 105.65 22.90350053510138
1714 105.7 22.933436730060333
1715 105.75 22.963385064951492
1716 105.8 22.99334553832886
1717 105.85 23.023318148759774
1718 105.9 23.05330289482489
1719 105.95 23.083299775118142
1720 106.0 23.1133087882468
1721 106.05 23.143329932831374
1722 106.1 23.173363207505673
1723 106.15 23.203408610916725
1724 106.2 23.23346614172485
1725 106.25 23.263535798603563
1726 106.3 23.293617580239594
1727 106.35 23.32371148533289
1728 106.4 23.35381751259661
1729 106.45 23.383935660757064
1730 106.5 23.414065928553743
1731 106.55 23.44420831473928
1732 106.6 23.474362818079484
1733 106.65 23.50452943735326
1734 106.7 23.534708171352676
1735 106.75 23.564899018882876
1736 106.8 23.595101978762134
1737 106.85 23.62531704982178
1738 106.9 23.65554423090623
1739 106.95 23.685783520872977
1740 107.0 23.716034918592555
1741 107.05 23.746298422948552
1742 107.1 23.77657403283757
1743 107.15 23.806861747169265
1744 107.2 23.837161564866285
1745 107.25 23.86747348486426
1746 107.3 23.897797506111836
1747 107.35 23.928133627570624
1748 107.4 23.95848184821521
1749 107.45 23.98884216703314
1750 107.5 24.01921458302489
1751 107.55 24.049599095203913
1752 107.6 24.07999570259654
1753 107.65 24.110404404242068
1754 107.7 24.140825199192662
1755 107.75 24.171258086513415
1756 107.8 24.201703065282278
1757 107.85 24.23216013459012
1758 107.9 24.262629293540638
1759 107.95 24.293110541250424
1760 108.0 24.323603876848907
1761 108.05 24.354109299478353
1762 108.1 24.384626808293863
1763 108.15 24.415156402463374
1764 108.2 24.44569808116762
1765 108.25 24.476251843600153
1766 108.3 24.50681768896732
1767 108.35 24.53739561648823
1768 108.4 24.567985625394815
1769 108.45 24.598587714931742
1770 108.5 24.629201884356483
1771 108.55 24.659828132939214
1772 108.6 24.690466459962874
1773 108.65 24.721116864723136
1774 108.7 24.751779346528423
1775 108.75 24.782453904699878
1776 108.8 24.813140538571314
1777 108.85 24.843839247489296
1778 108.9 24.87455003081308
1779 108.95 24.905272887914595
1780 109.0 24.936007818178467
1781 109.05 24.96675482100196
1782 109.1 24.997513895795066
1783 109.15 25.028285041980375
1784 109.2 25.059068258993186
1785 109.25 25.089863546281403
1786 109.3 25.120670903305577
1787 109.35 25.151490329538902
1788 109.4 25.18232182446717
1789 109.45 25.21316538758883
1790 109.5 25.2440210184149
1791 109.55 25.27488871646902
1792 109.6 25.30576848128743
1793 109.65 25.33666031241895
1794 109.7 25.367564209425012
1795 109.75 25.39848017187957
1796 109.8 25.4294081993692
1797 109.85 25.460348291493027
1798 109.9 25.49130044786271
1799 109.95 25.52226466810248
1800 110.0 25.553240951849148
1801 110.05 25.584229298752014
1802 110.1 25.615229708472913
1803 110.15 25.64624218068625
1804 110.2 25.677266715078922
1805 110.25 25.708303311350342
1806 110.3 25.739351969212443
1807 110.35 25.77041268838966
1808 110.4 25.801485468618957
1809 110.45 25.832570309649746
1810 110.5 25.863667211243968
1811 110.55 25.894776173176012
1812 110.6 25.925897195232785
1813 110.65 25.957030277213644
1814 110.7 25.988175418930417
1815 110.75 26.01933262020741
1816 110.8 26.050501880881388
1817 110.85 26.081683200801585
1818 110.9 26.112876579829624
1819 110.95 26.14408201783965
1820 111.0 26.175299514718198
1821 111.05 26.20652907036428
1822 111.1 26.237770684689316
1823 111.15 26.269024357617155
1824 111.2 26.30029008908409
1825 111.25 26.331567879038815
1826 111.3 26.36285772744246
1827 111.35 26.39415963426854
1828 111.4 26.425473599503015
1829 111.45 26.456799623144214
1830 111.5 26.488137705202885
1831 111.55 26.519487845702173
1832 111.6 26.550850044677627
1833 111.65 26.58222430217717
1834 111.7 26.613610618261127
1835 111.75 26.645008993002186
1836 111.8 26.67641942648544
1837 111.85 26.707841918808352
1838 111.9 26.739276470080753
1839 111.95 26.770723080424883
1840 112.0 26.802181749975276
1841 112.05 26.833652478878896
1842 112.1 26.865135267295063
1843 112.15 26.896630115395418
1844 112.2 26.928137023364016
1845 112.25 26.959655991397206
1846 112.3 26.99118701970376
1847 112.35 27.02273010850471
1848 112.4 27.054285258033524
1849 112.45 27.08585246853597
1850 112.5 27.11743174027018
1851 112.55 27.1490230735066
1852 112.6 27.180626468528043
1853 112.65 27.212241925629645
1854 112.7 27.243869445118882
1855 112.75 27.275509027315564
1856 112.8 27.307160672551838
1857 112.85 27.338824381172184
1858 112.9 27.37050015353339
1859 112.95 27.402187990004574
1860 113.0 27.433887890967206
1861 113.05 27.465599856815064
1862 113.1 27.497323887954256
1863 113.15 27.529059984803187
1864 113.2 27.5608081477926
1865 113.25 27.592568377365584
1866 113.3 27.624340673977517
1867 113.35 27.656125038096107
1868 113.4 27.687921470201335
1869 113.45 27.719729970785572
1870 113.5 27.75155054035345
1871 113.55 27.783383179421943
1872 113.6 27.815227888520347
1873 113.65 27.847084668190245
1874 113.7 27.87895351898553
1875 113.75 27.91083444147242
1876 113.8 27.94272743622947
1877 113.85 27.97463250384752
1878 113.9 28.006549644929734
1879 113.95 28.038478860091562
1880 114.0 28.070420149960814
1881 114.05 28.10237351517757
1882 114.1 28.13433895639425
1883 114.15 28.166316474275565
1884 114.2 28.19830606949855
1885 114.25 28.230307742752572
1886 114.3 28.26232149473928
1887 114.35 28.29434732617265
1888 114.4 28.326385237779
1889 114.45 28.358435230296926
1890 114.5 28.390497304477364
1891 114.55 28.422571461083553
1892 114.6 28.45465770089106
1893 114.65 28.486756024687757
1894 114.7 28.518866433273857
1895 114.75 28.55098892746189
1896 114.8 28.583123508076724
1897 114.85 28.615270175955516
1898 114.9 28.64742893194777
1899 114.95 28.679599776915314
1900 115.0 28.7117827117323
1901 115.05 28.74397773728521
1902 115.1 28.776184854472874
1903 115.15 28.808404064206442
1904 115.2 28.840635367409398
1905 115.25 28.872878765017578
1906 115.3 28.905134257979114
1907 115.35 28.937401847254538
1908 115.4 28.969681533816697
1909 115.45 29.001973318650776
1910 115.5 29.034277202754332
1911 115.55 29.066593187137247
1912 115.6 29.098921272821755
1913 115.65 29.131261460842467
1914 115.7 29.163613752246327
1915 115.75 29.195978148092653
1916 115.8 29.228354649453138
1917 115.85 29.260743257411807
1918 115.9 29.29314397306509
1919 115.95 29.325556797521752
1920 116.0 29.35798173190296
1921 116.05 29.390418777342223
1922 116.1 29.422867934985483
1923 116.15 29.455329205991035
1924 116.2 29.487802591529547
1925 116.25 29.520288092784103
1926 116.3 29.552785710950157
1927 116.35 29.585295447235573
1928 116.4 29.617817302860615
1929 116.45 29.650351279057965
1930 116.5 29.682897377072678
1931 116.55 29.715455598162237
1932 116.6 29.74802594359655
1933 116.65 29.780608414657937
1934 116.7 29.813203012641143
1935 116.75 29.845809738853323
1936 116.8 29.87842859461408
1937 116.85 29.91105958125545
1938 116.9 29.943702700121914
1939 116.95 29.976357952570385
1940 117.0 30.00902533997023
1941 117.05 30.041704863703284
1942 117.1 30.074396525163802
1943 117.15 30.10710032575853
1944 117.2 30.13981626690669
1945 117.25 30.172544350039914
1946 117.3 30.205284576602406
1947 117.35 30.238036948050773
1948 117.4 30.270801465854152
1949 117.45 30.303578131494138
1950 117.5 30.336366946464853
1951 117.55 30.369167912272896
1952 117.6 30.401981030437387
1953 117.65 30.434806302489964
1954 117.7 30.467643729974785
1955 117.75 30.5004933144485
1956 117.8 30.533355057480325
1957 117.85 30.566228960651973
1958 117.9 30.599115025557747
1959 117.95 30.63201325380447
1960 118.0 30.66492364701149
1961 118.05 30.697846206810752
1962 118.1 30.730780934846763
1963 118.15 30.76372783277657
1964 118.2 30.79668690226984
1965 118.25 30.82965814500877
1966 118.3 30.86264156268819
1967 118.35 30.895637157015518
1968 118.4 30.928644929710767
1969 118.45 30.961664882506533
1970 118.5 30.99469701714808
1971 118.55 31.027741335393245
1972 118.6 31.060797839012533
1973 118.65 31.093866529789043
1974 118.7 31.12694740951856
1975 118.75 31.160040480009503
1976 118.8 31.193145743082923
1977 118.85 31.22626320057256
1978 118.9 31.259392854324826
1979 118.95 31.292534706198794
1980 119.0 31.325688758066256
1981 119.05 31.358855011811645
1982 119.1 31.392033469332144
1983 119.15 31.425224132537615
1984 119.2 31.458427003350657
1985 119.25 31.491642083706566
1986 119.3 31.524869375553383
1987 119.35 31.5581088808519
1988 119.4 31.591360601575666
1989 119.45 31.62462453971094
1990 119.5 31.657900697256775
1991 119.55 31.691189076225015
1992 119.6 31.724489678640243
1993 119.65 31.757802506539846
1994 119.7 31.791127561974
1995 119.75 31.824464847005743
1996 119.8 31.857814363710837
1997 119.85 31.891176114177956
1998 119.9 31.92455010050853
1999 119.95 31.957936324816878
2000 120.0 31.991334789230148
2001 120.05 32.024745495888354
2002 120.1 32.05816844694439
2003 120.15 32.09160364456399
2004 120.2 32.125051090925794
2005 120.25 32.15851078822135
2006 120.3 32.19198273865511
2007 120.35 32.22546694444442
2008 120.4 32.25896340781956
2009 120.45 32.29247213102372
2010 120.5 32.325993116313086
2011 120.55 32.35952636595679
2012 120.6 32.39307188223688
2013 120.65 32.42662966744838
2014 120.7 32.460199723899336
2015 120.75 32.49378205391077
2016 120.8 32.5273766598167
2017 120.85 32.56098354396418
2018 120.9 32.59460270871326
2019 120.95 32.62823415643704
2020 121.0 32.66187788952165
2021 121.05 32.69553391036628
2022 121.1 32.72920222138319
2023 121.15 32.76288282499773
2024 121.2 32.7965757236483
2025 121.25 32.830280919786446
2026 121.3 32.863998415876786
2027 121.35 32.89772821439707
2028 121.4 32.93147031783818
2029 121.45 32.96522472870414
2030 121.5 32.99899144951213
2031 121.55 33.032770482792515
2032 121.6 33.06656183108878
2033 121.65 33.10036549695765
2034 121.7 33.13418148296903
2035 121.75 33.16800979170604
2036 121.8 33.201850425765016
2037 121.85 33.23570338775554
2038 121.9 33.269568680300445
2039 121.95 33.3034463060358
2040 122.0 33.33733626761097
2041 122.05 33.37123856768861
2042 122.1 33.40515320894461
2043 122.15 33.43908019406825
2044 122.2 33.47301952576208
2045 122.25 33.50697120674201
2046 122.3 33.540935239737266
2047 122.35 33.57491162749045
2048 122.4 33.60890037275753
2049 122.45 33.64290147830788
2050 122.5 33.67691494692422
2051 122.55 33.71094078140275
2052 122.6 33.74497898455303
2053 122.65 33.77902955919808
2054 122.7 33.8130925081744
2055 122.75 33.84716783433191
2056 122.8 33.88125554053401
2057 122.85 33.9153556296576
2058 122.9 33.94946810459308
2059 122.95 33.983592968244395
2060 123.0 34.01773022352898
2061 123.05 34.05187987337784
2062 123.1 34.08604192073553
2063 123.15 34.12021636856018
2064 123.2 34.154403219823514
2065 123.25 34.18860247751083
2066 123.3 34.222814144621076
2067 123.35 34.257038224166806
2068 123.4 34.29127471917425
2069 123.45 34.32552363268323
2070 123.5 34.35978496774734
2071 123.55 34.39405872743375
2072 123.6 34.428344914823455
2073 123.65 34.462643533011075
2074 123.7 34.49695458510498
2075 123.75 34.531278074227316
2076 123.8 34.565614003514
2077 123.85 34.59996237611469
2078 123.9 34.63432319519285
2079 123.95 34.66869646392576
2080 124.0 34.70308218550453
2081 124.05 34.7374803631341
2082 124.1 34.77189100003326
2083 124.15 34.80631409943471
2084 124.2 34.84074966458499
2085 124.25 34.875197698744564
2086 124.3 34.90965820518785
2087 124.35 34.94413118720315
2088 124.4 34.978616648092725
2089 124.45 35.01311459117284
2090 124.5 35.047625019773726
2091 124.55 35.082147937239604
2092 124.6 35.11668334692874
2093 124.65 35.1512312522134
2094 124.7 35.185791656479964
2095 124.75 35.22036456312879
2096 124.8 35.254949975574405
2097 124.85 35.28954789724539
2098 124.9 35.32415833158449
2099 124.95 35.35878128204855
2100 125.0 35.39341675210853
2101 125.05 35.42806474524968
2102 125.1 35.46272526497135
2103 125.15 35.49739831478713
2104 125.2 35.53208389822482
2105 125.25 35.56678201882647
2106 125.3 35.601492680148425
2107 125.35 35.636215885761224
2108 125.4 35.670951639249786
2109 125.45 35.70569994421331
2110 125.5 35.740460804265346
2111 125.55 35.775234223033785
2112 125.6 35.81002020416088
2113 125.65 35.844818751303286
2114 125.7 35.879629868132064
2115 125.75 35.91445355833272
2116 125.8 35.949289825605156
2117 125.85 35.98413867366379
2118 125.9 36.01900010623751
2119 125.95 36.05387412706969
2120 126.0 36.08876073991824
2121 126.05 36.12365994855565
2122 126.1 36.15857175676888
2123 126.15 36.193496168359566
2124 126.2 36.22843318714386
2125 126.25 36.263382816952635
2126 126.3 36.298345061631295
2127 126.35 36.33331992504
2128 126.4 36.3683074110535
2129 126.45 36.4033075235618
2130 126.5 36.43832026646774
2131 126.55 36.47334564369172
2132 126.6 36.50838365916685
2133 126.65 36.543434316841754
2134 126.7 36.57849762067972
2135 126.75 36.613573574658865
2136 126.8 36.64866218277218
2137 126.85 36.683763449027495
2138 126.9 36.718877377447555
2139 126.95 36.754003972069995
2140 127.0 36.78914323694743
2141 127.05 36.82429517614734
2142 127.1 36.85945979375222
2143 127.15 36.89463709385958
2144 127.2 36.929827080581916
2145 127.25 36.96502975804677
2146 127.3 37.00024513039676
2147 127.35 37.03547320178957
2148 127.4 37.07071397639798
2149 127.45 37.10596745840993
2150 127.5 37.14123365202846
2151 127.55 37.17651256147182
2152 127.6 37.211804190973446
2153 127.65 37.24710854478199
2154 127.7 37.282425627161324
2155 127.75 37.317755442390606
2156 127.8 37.3530979947643
2157 127.85 37.38845328859212
2158 127.9 37.42382132819916
2159 127.95 37.459202117925855
2160 128.0 37.494595662128006
2161 128.05 37.53000196517683
2162 128.1 37.56542103145897
2163 128.15 37.60085286537652
2164 128.2 37.63629747134702
2165 128.25 37.67175485380356
2166 128.3 37.70722501719472
2167 128.35 37.74270796598465
2168 128.4 37.77820370465303
2169 128.45 37.81371223769515
2170 128.5 37.84923356962195
2171 128.55 37.88476770495997
2172 128.6 37.92031464825144
2173 128.65 37.955874404054306
2174 128.7 37.9914469769422
2175 128.75 38.027032371504504
2176 128.8 38.062630592346395
2177 128.85 38.09824164408881
2178 128.9 38.13386553136855
2179 128.95 38.16950225883823
2180 129.0 38.205151831166326
2181 129.05 38.24081425303724
2182 129.1 38.2764895291513
2183 129.15 38.312177664224755
2184 129.2 38.34787866298986
2185 129.25 38.38359253019487
2186 129.3 38.41931927060404
2187 129.35 38.45505888899773
2188 129.4 38.49081139017232
2189 129.45 38.526576778940345
2190 129.5 38.56235506013049
2191 129.55 38.598146238587546
2192 129.6 38.633950319172556
2193 129.65 38.66976730676276
2194 129.7 38.70559720625161
2195 129.75 38.74144002254887
2196 129.8 38.77729576058059
2197 129.85 38.81316442528916
2198 129.9 38.84904602163333
2199 129.95 38.8849405545882
2200 130.0 38.920848029145326
2201 130.05 38.95676845031268
2202 130.1 38.9927018231147
2203 130.15 39.02864815259234
2204 130.2 39.064607443803084
2205 130.25 39.10057970182095
2206 130.3 39.136564931736565
2207 130.35 39.17256313865714
2208 130.4 39.20857432770658
2209 130.45 39.2445985040254
2210 130.5 39.28063567277085
2211 130.55 39.316685839116914
2212 130.6 39.35274900825434
2213 130.65 39.38882518539067
2214 130.7 39.42491437575022
2215 130.75 39.46101658457423
2216 130.8 39.49713181712078
2217 130.85 39.53326007866487
2218 130.9 39.56940137449843
2219 130.95 39.60555570993038
2220 131.0 39.64172309028663
2221 131.05 39.677903520910164
2222 131.1 39.714097007160994
2223 131.15 39.750303554416234
2224 131.2 39.78652316807013
2225 131.25 39.82275585353411
2226 131.3 39.859001616236746
2227 131.35 39.895260461623884
2228 131.4 39.9315323951586
2229 131.45 39.967817422321254
2230 131.5 40.00411554860956
2231 131.55 40.04042677953854
2232 131.6 40.07675112064064
2233 131.65 40.113088577465675
2234 131.7 40.14943915558095
2235 131.75 40.185802860571265
2236 131.8 40.22217969803889
2237 131.85 40.25856967360368
2238 131.9 40.29497279290304
2239 131.95 40.331389061592034
2240 132.0 40.367818485343356
2241 132.05 40.40426106984737
2242 132.1 40.44071682081219
2243 132.15 40.47718574396365
2244 132.2 40.51366784504537
2245 132.25 40.55016312981882
2246 132.3 40.586671604063284
2247 132.35 40.623193273575986
2248 132.4 40.65972814417201
2249 132.45 40.69627622168448
2250 132.5 40.73283751196444
2251 132.55 40.769412020881
2252 132.6 40.805999754321356
2253 132.65 40.84260071819073
2254 132.7 40.87921491841252
2255 132.75 40.91584236092834
2256 132.8 40.95248305169796
2257 132.85 40.98913699669943
2258 132.9 41.02580420192903
2259 132.95 41.06248467340141
2260 133.0 41.09917841714954
2261 133.05 41.13588543922479
2262 133.1 41.17260574569694
2263 133.15 41.20933934265428
2264 133.2 41.246086236203595
2265 133.25 41.282846432470144
2266 133.3 41.319619937597835
2267 133.35 41.356406757749156
2268 133.4 41.39320689910525
2269 133.45 41.43002036786596
2270 133.5 41.466847170249856
2271 133.55 41.50368731249428
2272 133.6 41.54054080085538
2273 133.65 41.577407641608126
2274 133.7 41.61428784104639
2275 133.75 41.65118140548295
2276 133.8 41.688088341249575
2277 133.85 41.725008654697014
2278 133.9 41.7619423521951
2279 133.95 41.79888944013267
2280 134.0 41.83584992491772
2281 134.05 41.87282381297744
2282 134.1 41.90981111075816
2283 134.15 41.9468118247255
2284 134.2 41.98382596136434
2285 134.25 42.02085352717885
2286 134.3 42.05789452869265
2287 134.35 42.094948972448655
2288 134.4 42.13201686500933
2289 134.45 42.169098212956555
2290 134.5 42.206193022891775
2291 134.55 42.243301301436006
2292 134.6 42.28042305522984
2293 134.65 42.31755829093356
2294 134.7 42.35470701522716
2295 134.75 42.39186923481031
2296 134.8 42.42904495640253
2297 134.85 42.46623418674311
2298 134.9 42.50343693259127
2299 134.95 42.5406532007261
2300 135.0 42.57788299794662
2301 135.05 42.61512633107192
2302 135.1 42.65238320694108
2303 135.15 42.689653632413275
2304 135.2 42.72693761436784
2305 135.25 42.764235159704235
2306 135.3 42.80154627534218
2307 135.35 42.83887096822163
2308 135.4 42.87620924530289
2309 135.45 42.91356111356657
2310 135.5 42.95092658001372
2311 135.55 42.988305651665826
2312 135.6 43.02569833556485
2313 135.65 43.06310463877331
2314 135.7 43.100524568374276
2315 135.75 43.137958131471464
2316 135.8 43.175405335189275
2317 135.85 43.21286618667284
2318 135.9 43.250340693088035
2319 135.95 43.28782886162158
2320 136.0 43.32533069948103
2321 136.05 43.362846213894855
2322 136.1 43.4003754121125
2323 136.15 43.4379183014044
2324 136.2 43.47547488906207
2325 136.25 43.513045182398095
2326 136.3 43.55062918874622
2327 136.35 43.58822691546141
2328 136.4 43.625838369919876
2329 136.45 43.66346355951908
2330 136.5 43.70110249167791
2331 136.55 43.7387551738366
2332 136.6 43.77642161345682
2333 136.65 43.81410181802178
2334 136.7 43.85179579503621
2335 136.75 43.88950355202643
2336 136.8 43.927225096540425
2337 136.85 43.964960436147855
2338 136.9 44.002709578440175
2339 136.95 44.040472531030595
2340 137.0 44.078249301554195
2341 137.05 44.11603989766796
2342 137.1 44.15384432705082
2343 137.15 44.191662597403756
2344 137.2 44.229494716449736
2345 137.25 44.267340691933896
2346 137.3 44.30520053162353
2347 137.35 44.34307424330812
2348 137.4 44.38096183479945
2349 137.45 44.4188633139316
2350 137.5 44.456778688561094
2351 137.55 44.49470796656682
2352 137.6 44.53265115585017
2353 137.65 44.57060826433509
2354 137.7 44.6085792999681
2355 137.75 44.6465642707184
2356 137.8 44.68456318457789
2357 137.85 44.72257604956122
2358 137.9 44.760602873705814
2359 137.95 44.79864366507208
2360 138.0 44.83669843174323
2361 138.05 44.874767181825554
2362 138.1 44.91284992344834
2363 138.15 44.95094666476396
2364 138.2 44.989057413947954
2365 138.25 45.02718217919911
2366 138.3 45.06532096873946
2367 138.35 45.10347379081432
2368 138.4 45.14164065369245
2369 138.45 45.17982156566601
2370 138.5 45.21801653505071
2371 138.55 45.2562255701858
2372 138.6 45.29444867943411
2373 138.65 45.33268587118218
2374 138.7 45.37093715384032
2375 138.75 45.409202535842596
2376 138.8 45.447482025646906
2377 138.85 45.485775631735116
2378 138.9 45.52408336261308
2379 138.95 45.56240522681062
2380 139.0 45.60074123288173
2381 139.05 45.63909138940454
2382 139.1 45.67745570498138
2383 139.15 45.71583418823888
2384 139.2 45.754226847828036
2385 139.25 45.792633692424225
2386 139.3 45.831054730727324
2387 139.35 45.86948997146168
2388 139.4 45.90793942337633
2389 139.45 45.9464030952449
2390 139.5 45.984880995865744
2391 139.55 46.02337313406205
2392 139.6 46.06187951868183
2393 139.65 46.100400158598
2394 139.7 46.13893506270849
2395 139.75 46.177484239936234
2396 139.8 46.216047699229314
2397 139.85 46.25462544956096
2398 139.9 46.29321749992969
2399 139.95 46.33182385935929
2400 140.0 46.37044453689891
2401 140.05 46.40907954162317
2402 140.1 46.44772888263222
2403 140.15 46.48639256905174
2404 140.2 46.525070610033076
2405 140.25 46.563763014753285
2406 140.3 46.60246979241523
2407 140.35 46.64119095224756
2408 140.4 46.67992650350491
2409 140.45 46.71867645546786
2410 140.5 46.75744081744304
2411 140.55 46.79621959876325
2412 140.6 46.83501280878745
2413 140.65 46.87382045690087
2414 140.7 46.91264255251508
2415 140.75 46.951479105068046
2416 140.8 46.99033012402425
2417 140.85 47.029195618874695
2418 140.9 47.06807559913698
2419 140.95 47.10697007435547
2420 141.0 47.14587905410123
2421 141.05 47.18480254797219
2422 141.1 47.22374056559318
2423 141.15 47.262693116616056
2424 141.2 47.30166021071968
2425 141.25 47.34064185761009
2426 141.3 47.3796380670205
2427 141.35 47.418648848711435
2428 141.4 47.457674212470735
2429 141.45 47.496714168113726
2430 141.5 47.535768725483216
2431 141.55 47.574837894449566
2432 141.6 47.613921684910885
2433 141.65 47.65302010679293
2434 141.7 47.69213317004932
2435 141.75 47.73126088466154
2436 141.8 47.77040326063907
2437 141.85 47.80956030801941
2438 141.9 47.84873203686821
2439 141.95 47.88791845727934
2440 142.0 47.92711957937491
2441 142.05 47.96633541330541
2442 142.1 48.00556596924976
2443 142.15 48.044811257415454
2444 142.2 48.08407128803855
2445 142.25 48.12334607138378
2446 142.3 48.162635617744684
2447 142.35 48.2019399374436
2448 142.4 48.24125904083182
2449 142.45 48.28059293828964
2450 142.5 48.319941640226475
2451 142.55 48.359305157080875
2452 142.6 48.398683499320704
2453 142.65 48.4380766774431
2454 142.7 48.477484701974696
2455 142.75 48.51690758347159
2456 142.8 48.55634533251951
2457 142.85 48.595797959733844
2458 142.9 48.63526547575978
2459 142.95 48.6747478912723
2460 143.0 48.71424521697637
2461 143.05 48.75375746360699
2462 143.1 48.79328464192927
2463 143.15 48.83282676273851
2464 143.2 48.87238383686031
2465 143.25 48.911955875150625
2466 143.3 48.951542888495894
2467 143.35 48.991144887813135
2468 143.4 49.03076188404999
2469 143.45 49.07039388818482
2470 143.5 49.110040911226825
2471 143.55 49.14970296421613
2472 143.6 49.189380058223875
2473 143.65 49.22907220435228
2474 143.7 49.268779413734755
2475 143.75 49.30850169753601
2476 143.8 49.348239066952104
2477 143.85 49.38799153321062
2478 143.9 49.427759107570644
2479 143.95 49.46754180132298
2480 144.0 49.50733962579012
2481 144.05 49.54715259232642
2482 144.1 49.58698071231822
2483 144.15 49.626823997183855
2484 144.2 49.6666824583738
2485 144.25 49.70655610737078
2486 144.3 49.746444955689824
2487 144.35 49.786349014878404
2488 144.4 49.8262682965165
2489 144.45 49.86620281221674
2490 144.5 49.90615257362445
2491 144.55 49.946117592417764
2492 144.6 49.98609788030778
2493 144.65 50.02609344903857
2494 144.7 50.06610431038735
2495 144.75 50.10613047616456
2496 144.8 50.14617195821392
2497 144.85 50.18622876841265
2498 144.9 50.226300918671434
2499 144.95 50.26638842093461
2500 145.0 50.30649128718026
2501 145.05 50.346609529420284
2502 145.1 50.38674315970056
2503 145.15 50.42689219010097
2504 145.2 50.46705663273558
2505 145.25 50.50723649975269
2506 145.3 50.547431803334995
2507 145.35 50.58764255569963
2508 145.4 50.62786876909834
2509 145.45 50.66811045581752
2510 145.5 50.70836762817839
2511 145.55 50.74864029853707
2512 145.6 50.788928479284685
2513 145.65 50.829232182847484
2514 145.7 50.86955142168694
2515 145.75 50.90988620829992
2516 145.8 50.9502365552187
2517 145.85 50.99060247501114
2518 145.9 51.03098398028074
2519 145.95 51.071381083666864
2520 146.0 51.11179379784473
2521 146.05 51.152222135525605
2522 146.1 51.19266610945688
2523 146.15 51.233125732422195
2524 146.2 51.27360101724156
2525 146.25 51.314091976771465
2526 146.3 51.35459862390501
2527 146.35 51.39512097157199
2528 146.4 51.435659032739046
2529 146.45 51.47621282040977
2530 146.5 51.516782347624826
2531 146.55 51.557367627462064
2532 146.6 51.597968673036654
2533 146.65 51.6385854975012
2534 146.7 51.67921811404585
2535 146.75 51.71986653589842
2536 146.8 51.76053077632452
2537 146.85 51.80121084862771
2538 146.9 51.84190676614956
2539 146.95 51.88261854226982
2540 147.0 51.92334619040652
2541 147.05 51.964089724016134
2542 147.1 52.00484915659365
2543 147.15 52.045624501672734
2544 147.2 52.08641577282588
2545 147.25 52.127222983664446
2546 147.3 52.168046147838886
2547 147.35 52.20888527903882
2548 147.4 52.24974039099319
2549 147.45 52.29061149747035
2550 147.5 52.33149861227826
2551 147.55 52.37240174926455
2552 147.6 52.413320922316714
2553 147.65 52.454256145362194
2554 147.7 52.49520743236855
2555 147.75 52.53617479734356
2556 147.8 52.57715825433537
2557 147.85 52.618157817432646
2558 147.9 52.65917350076468
2559 147.95 52.70020531850154
2560 148.0 52.74125328485422
2561 148.05 52.78231741407474
2562 148.1 52.82339772045634
2563 148.15 52.86449421833357
2564 148.2 52.90560692208246
2565 148.25 52.94673584612064
2566 148.3 52.98788100490749
2567 148.35 53.0290424129443
2568 148.4 53.070220084774355
2569 148.45 53.11141403498318
2570 148.5 53.15262427819856
2571 148.55 53.19385082909078
2572 148.6 53.23509370237274
2573 148.65 53.27635291280007
2574 148.7 53.31762847517135
2575 148.75 53.35892040432816
2576 148.8 53.400228715155336
2577 148.85 53.441553422581
2578 148.9 53.482894541576826
2579 148.95 53.524252087158125
2580 149.0 53.56562607438401
2581 149.05 53.6070165183575
2582 149.1 53.64842343422581
2583 149.15 53.68984683718035
2584 149.2 53.73128674245694
2585 149.25 53.77274316533601
2586 149.3 53.814216121142685
2587 149.35 53.855705625246955
2588 149.4 53.89721169306388
2589 149.45 53.93873434005372
2590 149.5 53.98027358172205
2591 149.55 54.02182943362002
2592 149.6 54.06340191134438
2593 149.65 54.104991030537775
2594 149.7 54.14659680688882
2595 149.75 54.1882192561323
2596 149.8 54.22985839404931
2597 149.85 54.27151423646745
2598 149.9 54.313186799261
2599 149.95 54.35487609835098
2600 150.0 54.39658214970547
2601 150.05 54.43830496933969
2602 150.1 54.480044573316164
2603 150.15 54.52180097774493
2604 150.2 54.56357419878368
2605 150.25 54.60536425263794
2606 150.3 54.64717115556124
2607 150.35 54.68899492385529
2608 150.4 54.73083557387016
2609 150.45 54.77269312200448
2610 150.5 54.81456758470553
2611 150.55 54.856458978469476
2612 150.6 54.89836731984156
2613 150.65 54.940292625416284
2614 150.7 54.98223491183752
2615 150.75 55.02419419579877
2616 150.8 55.06617049404329
2617 150.85 55.10816382336429
2618 150.9 55.15017420060514
2619 150.95 55.19220164265953
2620 151.0 55.23424616647166
2621 151.05 55.27630778903641
2622 151.1 55.31838652739959
2623 151.15 55.36048239865801
2624 151.2 55.4025954199598
2625 151.25 55.4447256085045
2626 151.3 55.48687298154332
2627 151.35 55.529037556379265
2628 151.4 55.571219350367414
2629 151.45 55.61341838091499
2630 151.5 55.65563466548169
2631 151.55 55.69786822157982
2632 151.6 55.74011906677444
2633 151.65 55.78238721868361
2634 151.7 55.82467269497868
2635 151.75 55.86697551338429
2636 151.8 55.90929569167875
2637 151.85 55.95163324769411
2638 151.9 55.99398819931651
2639 151.95 56.03636056448622
2640 152.0 56.078750361197976
2641 152.05 56.121157607501104
2642 152.1 56.163582321499774
2643 152.15 56.206024521353164
2644 152.2 56.24848422527572
2645 152.25 56.29096145153732
2646 152.3 56.33345621846358
2647 152.35 56.375968544435885
2648 152.4 56.41849844789177
2649 152.45 56.46104594732512
2650 152.5 56.50361106128625
2651 152.55 56.5461938083823
2652 152.6 56.58879420727733
2653 152.65 56.63141227669257
2654 152.7 56.67404803540666
2655 152.75 56.7167015022559
2656 152.8 56.75937269613435
2657 152.85 56.80206163599421
2658 152.9 56.84476834084596
2659 152.95 56.88749282975855
2660 153.0 56.93023512185976
2661 153.05 56.97299523633631
2662 153.1 57.015773192434104
2663 153.15 57.058569009458516
2664 153.2 57.10138270677458
2665 153.25 57.144214303807246
2666 153.3 57.18706382004161
2667 153.35 57.229931275023134
2668 153.4 57.2728166883579
2669 153.45 57.31572007971285
2670 153.5 57.35864146881599
2671 153.55 57.401580875456716
2672 153.6 57.44453831948597
2673 153.65 57.487513820816545
2674 153.7 57.53050739942329
2675 153.75 57.57351907534339
2676 153.8 57.61654886867655
2677 153.85 57.659596799585344
2678 153.9 57.70266288829541
2679 153.95 57.74574715509566
2680 154.0 57.78884962033861
2681 154.05 57.83197030444063
2682 154.1 57.87510922788215
2683 154.15 57.91826641120795
2684 154.2 57.96144187502743
2685 154.25 58.00463564001482
2686 154.3 58.047847726909495
2687 154.35 58.09107815651623
2688 154.4 58.13432694970549
2689 154.45 58.177594127413585
2690 154.5 58.220879710643125
2691 154.55 58.26418372046307
2692 154.6 58.3075061780092
2693 154.65 58.35084710448425
2694 154.7 58.39420652115828
2695 154.75 58.43758444936889
2696 154.8 58.480980910521495
2697 154.85 58.52439592608965
2698 154.9 58.56782951761533
2699 154.95 58.611281706709114
2700 155.0 58.6547525150506
2701 155.05 58.69824196438864
2702 155.1 58.74175007654159
2703 155.15 58.78527687339765
2704 155.2 58.82882237691511
2705 155.25 58.87238660912269
2706 155.3 58.91596959211978
2707 155.35 58.9595713480768
2708 155.4 59.00319189923547
2709 155.45 59.04683126790904
2710 155.5 59.0904894764827
2711 155.55 59.134166547413834
2712 155.6 59.17786250323231
2713 155.65 59.22157736654081
2714 155.7 59.265311160015095
2715 155.75 59.30906390640437
2716 155.8 59.35283562853156
2717 155.85 59.39662634929365
2718 155.9 59.44043609166195
2719 155.95 59.48426487868249
2720 156.0 59.52811273347624
2721 156.05 59.57197967923955
2722 156.1 59.61586573924433
2723 156.15 59.65977093683846
2724 156.2 59.70369529544616
2725 156.25 59.74763883856823
2726 156.3 59.7916015897824
2727 156.35 59.83558357274365
2728 156.4 59.87958481118461
2729 156.45 59.92360532891582
2730 156.5 59.967645149826126
2731 156.55 60.01170429788298
2732 156.6 60.05578279713276
2733 156.65 60.09988067170118
2734 156.7 60.14399794579358
2735 156.75 60.18813464369534
2736 156.8 60.23229078977212
2737 156.85 60.2764664084703
2738 156.9 60.3206615243173
2739 156.95 60.364876161922
2740 157.0 60.40911034597495
2741 157.05 60.453364101248894
2742 157.1 60.497637452599015
2743 157.15 60.54193042496334
2744 157.2 60.58624304336316
2745 157.25 60.63057533290329
2746 157.3 60.674927318772546
2747 157.35 60.719299026244045
2748 157.4 60.76369048067559
2749 157.45 60.80810170751009
2750 157.5 60.8525327322759
2751 157.55 60.89698358058721
2752 157.6 60.94145427814445
2753 157.65 60.98594485073465
2754 157.7 61.03045532423185
2755 157.75 61.07498572459746
2756 157.8 61.1195360778807
2757 157.85 61.16410641021898
2758 157.9 61.208696747838225
2759 157.95 61.25330711705341
2760 158.0 61.297937544268876
2761 158.05 61.34258805597872
2762 158.1 61.387258678767296
2763 158.15 61.43194943930953
2764 158.2 61.47666036437137
2765 158.25 61.52139148081022
2766 158.3 61.56614281557532
2767 158.35 61.610914395708214
2768 158.4 61.65570624834313
2769 158.45 61.70051840070742
2770 158.5 61.745350880122025
2771 158.55 61.79020371400184
2772 158.6 61.835076929856214
2773 158.65 61.879970555289326
2774 158.7 61.924884618000675
2775 158.75 61.969819145785515
2776 158.8 62.014774166535254
2777 158.85 62.059749708237966
2778 158.9 62.10474579897879
2779 158.95 62.149762466940416
2780 159.0 62.194799740403546
2781 159.05 62.23985764774732
2782 159.1 62.284936217449804
2783 159.15 62.330035478088455
2784 159.2 62.37515545834058
2785 159.25 62.42029618698379
2786 159.3 62.46545769289653
2787 159.35 62.510640005058484
2788 159.4 62.55584315255114
2789 159.45 62.60106716455819
2790 159.5 62.64631207036603
2791 159.55 62.69157789936433
2792 159.6 62.736864681046434
2793 159.65 62.78217244500987
2794 159.7 62.8275012209569
2795 159.75 62.872851038694996
2796 159.8 62.918221928137335
2797 159.85 62.96361391930329
2798 159.9 63.009027042318976
2799 159.95 63.054461327417755
2800 160.0 63.099916804940776
2801 160.05 63.14539350533745
2802 160.1 63.190891459166004
2803 160.15 63.236410697094016
2804 160.2 63.28195124989891
2805 160.25 63.327513148468555
2806 160.3 63.37309642380177
2807 160.35 63.41870110700882
2808 160.4 63.46432722931207
2809 160.45 63.50997482204642
2810 160.5 63.555643916659925
2811 160.55 63.601334544714355
2812 160.6 63.64704673788572
2813 160.65 63.69278052796485
2814 160.7 63.73853594685801
2815 160.75 63.784313026587384
2816 160.8 63.83011179929171
2817 160.85 63.87593229722683
2818 160.9 63.92177455276634
2819 160.95 63.967638598402075
2820 161.0 64.01352446674477
2821 161.05 64.05943219052466
2822 161.1 64.10536180259201
2823 161.15 64.15131333591782
2824 161.2 64.19728682359434
2825 161.25 64.24328229883574
2826 161.3 64.28929979497869
2827 161.35 64.335339345483
2828 161.4 64.38140098393225
2829 161.45 64.4274847440344
2830 161.5 64.47359065962242
2831 161.55 64.51971876465495
2832 161.6 64.56586909321695
2833 161.65 64.61204167952027
2834 161.7 64.6582365579044
2835 161.75 64.70445376283708
2836 161.8 64.7506933289149
2837 161.85 64.79695529086409
2838 161.9 64.8432396835411
2839 161.95 64.88954654193327
2840 162.0 64.93587590115953
2841 162.05 64.98222779647111
2842 162.1 65.02860226325218
2843 162.15 65.07499933702056
2844 162.2 65.12141905342841
2845 162.25 65.16786144826293
2846 162.3 65.21432655744708
2847 162.35 65.26081441704031
2848 162.4 65.30732506323922
2849 162.45 65.3538585323783
2850 162.5 65.40041486093071
2851 162.55 65.4469940855089
2852 162.6 65.4935962428655
2853 162.65 65.5402213698939
2854 162.7 65.5868695036291
2855 162.75 65.63354068124845
2856 162.8 65.68023494007234
2857 162.85 65.72690817781215
2858 162.9 65.82273608569753
2859 162.95 65.91846629442513
2860 163.0 66.01409880399493
2861 163.05 66.10963361440692
2862 163.1 66.20507072566113
2863 163.15 66.30041013775754
2864 163.2 66.39565185069615
2865 163.25 66.49079586447698
2866 163.3 66.5858421791
2867 163.35 66.68079079456521
2868 163.4 66.77564171087265
2869 163.45 66.8703949280223
2870 163.5 66.96505044601412
2871 163.55 67.05960826484815
2872 163.6 67.15406838452441
2873 163.65 67.24843080504286
2874 163.7 67.34269552640352
2875 163.75 67.43686254860638
2876 163.8 67.53093187165143
2877 163.85 67.6249034955387
2878 163.9 67.71877742026817
2879 163.95 67.81255364583986
2880 164.0 67.90623217225374
2881 164.05 67.99981299950983
2882 164.1 68.09329612760813
2883 164.15 68.18668155654862
2884 164.2 68.27996928633132
2885 164.25 68.37315931695623
2886 164.3 68.46625164842334
2887 164.35 68.55924628073265
2888 164.4 68.65214321388417
2889 164.45 68.74494244787789
2890 164.5 68.83764398271381
2891 164.55 68.93024781839195
2892 164.6 69.02275395491229
2893 164.65 69.11516239227483
2894 164.7 69.20747313047957
2895 164.75 69.29968616952652
2896 164.8 69.39180150941567
2897 164.85 69.48381915014701
2898 164.9 69.57573909172058
2899 164.95 69.66756133413634
2900 165.0 69.75928587739429
2901 165.05 69.85091272149445
2902 165.1 69.94244186643684
2903 165.15 70.03387331222142
2904 165.2 70.1252070588482
2905 165.25 70.2164431063172
2906 165.3 70.30758145462839
2907 165.35 70.39862210378179
2908 165.4 70.4895650537774
2909 165.45 70.5804103046152
2910 165.5 70.6711578562952
2911 165.55 70.76180770881741
2912 165.6 70.85235986218184
2913 165.65 70.94281431638846
2914 165.7 71.0331710714373
2915 165.75 71.12343012732833
2916 165.8 71.21359148406157
2917 165.85 71.30365514163701
2918 165.9 71.39362110005466
2919 165.95 71.4834893593145
2920 166.0 71.57325991941656
2921 166.05 71.66293278036082
2922 166.1 71.75250794214728
2923 166.15 71.84198540477594
2924 166.2 71.93136516824681
2925 166.25 72.0206472325599
2926 166.3 72.10983159771517
2927 166.35 72.19891826371266
2928 166.4 72.28790723055235
2929 166.45 72.37679849823424
2930 166.5 72.46559206675833
2931 166.55 72.55428793612464
2932 166.6 72.64288610633314
2933 166.65 72.73138657738383
2934 166.7 72.81978934927673
2935 166.75 72.90809442201184
2936 166.8 72.99630179558916
2937 166.85 73.08441147000869
2938 166.9 73.17242344527043
2939 166.95 73.26033772137436
2940 167.0 73.3481542983205
2941 167.05 73.43587317610884
2942 167.1 73.52349435473938
2943 167.15 73.61101783421213
2944 167.2 73.6984436145271
2945 167.25 73.78577169568426
2946 167.3 73.87300207768361
2947 167.35 73.96013476052516
2948 167.4 74.04716974420894
2949 167.45 74.13410702873492
2950 167.5 74.2209466141031
2951 167.55 74.30768850031347
2952 167.6 74.39433268736606
2953 167.65 74.48087917526084
2954 167.7 74.56732796399783
2955 167.75 74.65367905357702
2956 167.8 74.73993244399843
2957 167.85 74.82608813526204
2958 167.9 74.91214612736786
2959 167.95 74.99810642031588
2960 168.0 75.0839690141061
2961 168.05 75.16973390873854
2962 168.1 75.25540110421316
2963 168.15 75.34097060053
2964 168.2 75.42644239768904
2965 168.25 75.51181649569028
2966 168.3 75.59709289453372
2967 168.35 75.68227159421937
2968 168.4 75.76735259474722
2969 168.45 75.85233589611728
2970 168.5 75.93722149832955
2971 168.55 76.02200940138403
2972 168.6 76.1066996052807
2973 168.65 76.19129211001957
2974 168.7 76.27578691560066
2975 168.75 76.36018402202394
2976 168.8 76.44448342928943
2977 168.85 76.52868513739712
2978 168.9 76.61278914634701
2979 168.95 76.6967954561391
2980 169.0 76.78070406677341
2981 169.05 76.86451497824993
2982 169.1 76.94822819056864
2983 169.15 77.03184370372956
2984 169.2 77.1153615177327
2985 169.25 77.19878163257802
2986 169.3 77.28210404826555
2987 169.35 77.3653287647953
2988 169.4 77.44845578216723
2989 169.45 77.53148510038137
2990 169.5 77.61441671943773
2991 169.55 77.69725063933629
2992 169.6 77.77998686007705
2993 169.65 77.86262538166
2994 169.7 77.94516620408517
2995 169.75 78.02760932735254
2996 169.8 78.10995475146211
2997 169.85 78.1922024764139
2998 169.9 78.27435250220788
2999 169.95 78.35640482884406
3000 170.0 78.43835945632244
3001 170.05 78.52021638464304
3002 170.1 78.60197561380583
3003 170.15 78.68363714381084
3004 170.2 78.76520097465806
3005 170.25 78.84666710634747
3006 170.3 78.92803553887909
3007 170.35 79.00930627225291
3008 170.4 79.09047930646894
3009 170.45 79.17155464152717
3010 170.5 79.25253227742759
3011 170.55 79.33341221417022
3012 170.6 79.41419445175507
3013 170.65 79.49487899018212
3014 170.7 79.57546582945136
3015 170.75 79.65595496956281
3016 170.8 79.73634641051648
3017 170.85 79.81664015231235
3018 170.9 79.89683619495041
3019 170.95 79.97693453843068
3020 171.0 80.05693518275315
3021 171.05 80.13683812791783
3022 171.1 80.21664337392471
3023 171.15 80.29635092077379
3024 171.2 80.37596076846508
3025 171.25 80.45547291699857
3026 171.3 80.53488736637428
3027 171.35 80.61420411659219
3028 171.4 80.6934231676523
3029 171.45 80.77254451955461
3030 171.5 80.85156817229912
3031 171.55 80.93049412588584
3032 171.6 81.00932238031476
3033 171.65 81.08805293558589
3034 171.7 81.16668579169922
3035 171.75 81.24522094865475
3036 171.8 81.3236584064525
3037 171.85 81.40199816509244
3038 171.9 81.48024022457459
3039 171.95 81.55838458489895
3040 172.0 81.6364312460655
3041 172.05 81.71438020807426
3042 172.1 81.79223147092522
3043 172.15 81.8699850346184
3044 172.2 81.94764089915377
3045 172.25 82.02519906453134
3046 172.3 82.10265953075113
3047 172.35 82.18002229781311
3048 172.4 82.2572873657173
3049 172.45 82.3344547344637
3050 172.5 82.4115244040523
3051 172.55 82.4884963744831
3052 172.6 82.56537064575612
3053 172.65 82.64214721787133
3054 172.7 82.71882609082874
3055 172.75 82.79540726462835
3056 172.8 82.87189073927019
3057 172.85 82.94827651475421
3058 172.9 83.02456459108045
3059 172.95 83.10075496824889
3060 173.0 83.17684764625955
3061 173.05 83.2528426251124
3062 173.1 83.32873990480743
3063 173.15 83.40453948534469
3064 173.2 83.48024136672414
3065 173.25 83.55584554894581
3066 173.3 83.63135203200969
3067 173.35 83.70676081591576
3068 173.4 83.78207190066402
3069 173.45 83.85728528625451
3070 173.5 83.93240097268719
3071 173.55 84.00741895996208
3072 173.6 84.08233924807918
3073 173.65 84.15716183703849
3074 173.7 84.23188672683999
3075 173.75 84.3065139174837
3076 173.8 84.3810434089696
3077 173.85 84.45547520129772
3078 173.9 84.52980929446802
3079 173.95 84.60404568848055
3080 174.0 84.67818438333528
3081 174.05 84.75222537903221
3082 174.1 84.82616867557135
3083 174.15 84.9000142729527
3084 174.2 84.97376217117625
3085 174.25 85.04741237024199
3086 174.3 85.12096487014993
3087 174.35 85.19441967090009
3088 174.4 85.26777677249245
3089 174.45 85.34103617492703
3090 174.5 85.4141978782038
3091 174.55 85.48726188232277
3092 174.6 85.56022818728395
3093 174.65 85.63309679308733
3094 174.7 85.70586769973292
3095 174.75 85.77854090722072
3096 174.8 85.85111641555072
3097 174.85 85.92359422472292
3098 174.9 85.99597433473731
3099 174.95 86.06825674559393
3100 175.0 86.14044145729274
3101 175.05 86.21252846983374
3102 175.1 86.28451778321697
3103 175.15 86.35640939744239
3104 175.2 86.42820331251002
3105 175.25 86.49989952841986
3106 175.3 86.5714980451719
3107 175.35 86.64299886276613
3108 175.4 86.71440198120258
