0 20 0
1 20.05 -0.023287734167371343
2 20.1 -0.046541640768191714
3 20.15 -0.0697617287808841
4 20.2 -0.09294800717127719
5 20.25 -0.11610048489260252
6 20.3 -0.13921917088552613
7 20.35 -0.16230407407815148
8 20.4 -0.18535520338604725
9 20.45 -0.20837256771225424
10 20.5 -0.23135617594730173
11 20.55 -0.2543060369692296
12 20.6 -0.2772221596436008
13 20.65 -0.30010455282351056
14 20.7 -0.3229532253496139
15 20.75 -0.34576818605013465
16 20.8 -0.3685494437408763
17 20.85 -0.39129700722524785
18 20.9 -0.4140108852942711
19 20.95 -0.4366910867266027
20 21.0 -0.45933762028854125
21 21.05 -0.48195049473405355
22 21.1 -0.5045297188047797
23 21.15 -0.5270753012300552
24 21.2 -0.5495872507269205
25 21.25 -0.5720655760001448
26 21.3 -0.5945102857422336
27 21.35 -0.6169213886334451
28 21.4 -0.6392988933418089
29 21.45 -0.6616428085231391
30 21.5 -0.6839531428210488
31 21.55 -0.7062299048669674
32 21.6 -0.7284731032801529
33 21.65 -0.750682746667704
34 21.7 -0.7728588436245906
35 21.75 -0.7950014027336458
36 21.8 -0.8171104325656006
37 21.85 -0.8391859416790857
38 21.9 -0.8612279386206544
39 21.95 -0.883236431924792
40 22.0 -0.9052114301139378
41 22.05 -0.9271529416984858
42 22.1 -0.9490609751768181
43 22.15 -0.9709355390353104
44 22.2 -0.9927766417483438
45 22.25 -1.0145842917783217
46 22.3 -1.036358497575688
47 22.35 -1.0580992675789365
48 22.4 -1.0798066102146273
49 22.45 -1.1014805338974039
50 22.5 -1.1231210470300057
51 22.55 -1.1447281580032853
52 22.6 -1.1663018751962144
53 22.65 -1.187842206975906
54 22.7 -1.2093491616976322
55 22.75 -1.230822747704826
56 22.8 -1.2522629733291077
57 22.85 -1.2736698468902934
58 22.9 -1.295043376696411
59 22.95 -1.3163835710437142
60 23.0 -1.3376904382166912
61 23.05 -1.3589639864880916
62 23.1 -1.380204224118928
63 23.15 -1.4014111593585001
64 23.2 -1.4225848004443973
65 23.25 -1.4437251556025268
66 23.3 -1.4648322330471146
67 23.35 -1.4859060409807283
68 23.4 -1.5069465875942847
69 23.45 -1.527953881067071
70 23.5 -1.5489279295667548
71 23.55 -1.5698687412493944
72 23.6 -1.5907763242594624
73 23.65 -1.6116506867298492
74 23.7 -1.632491836781879
75 23.75 -1.6532997825253328
76 23.8 -1.674074532058449
77 23.85 -1.694816093467947
78 23.9 -1.7155244748290368
79 23.95 -1.7361996842054328
80 24.0 -1.7568417296493672
81 24.05 -1.7774506192016033
82 24.1 -1.7980263608914522
83 24.15 -1.8185689627367838
84 24.2 -1.8390784327440421
85 24.25 -1.859554778908252
86 24.3 -1.8799980092130437
87 24.35 -1.9004081316306611
88 24.4 -1.9207851541219756
89 24.45 -1.941129084636493
90 24.5 -1.9614399311123745
91 24.55 -1.981717701476454
92 24.6 -2.0019624036442396
93 24.65 -2.022174045519936
94 24.7 -2.042352634996454
95 24.75 -2.0624981799554227
96 24.8 -2.0826106882672097
97 24.85 -2.1026901677909238
98 24.9 -2.122736626374438
99 24.95 -2.142750071854392
100 25.0 -2.1627305120562204
101 25.05 -2.1826779547941513
102 25.1 -2.2025924078712236
103 25.15 -2.2224738790793066
104 25.2 -2.2423223761991027
105 25.25 -2.2621379070001697
106 25.3 -2.281920479240928
107 25.35 -2.301670100668677
108 25.4 -2.3213867790196017
109 25.45 -2.3410705220187955
110 25.5 -2.3607213373802636
111 25.55 -2.380339232806941
112 25.6 -2.399924215990704
113 25.65 -2.4194762946123873
114 25.7 -2.4389954763417907
115 25.75 -2.4584817688376877
116 25.8 -2.4779351797478526
117 25.85 -2.4973557167090563
118 25.9 -2.516743387347101
119 25.95 -2.536098199276803
120 26.0 -2.5554201601020345
121 26.05 -2.574709277415716
122 26.1 -2.5939655587998396
123 26.15 -2.6131890118254772
124 26.2 -2.632379644052794
125 26.25 -2.6515374630310635
126 26.3 -2.6706624762986704
127 26.35 -2.6897546913831376
128 26.4 -2.7088141158011276
129 26.45 -2.7278407570584573
130 26.5 -2.7468346226501135
131 26.55 -2.765795720060261
132 26.6 -2.7847240567622595
133 26.65 -2.8036196402186726
134 26.7 -2.822482477881279
135 26.75 -2.8413125771910868
136 26.8 -2.8601099455783494
137 26.85 -2.8788745904625674
138 26.9 -2.897606519252512
139 26.95 -2.916305739346231
140 27.0 -2.93497225813106
141 27.05 -2.9536060829836415
142 27.1 -2.972207221269925
143 27.15 -2.990775680345193
144 27.2 -3.0093114675540615
145 27.25 -3.0278145902305
146 27.3 -3.046285055697836
147 27.35 -3.0647228712687733
148 27.4 -3.0831280442454023
149 27.45 -3.1015005819192103
150 27.5 -3.119840491571095
151 27.55 -3.138147780471375
152 27.6 -3.1564224558797993
153 27.65 -3.174664525045568
154 27.7 -3.192873995207333
155 27.75 -3.211050873593217
156 27.8 -3.2291951674208232
157 27.85 -3.2473068838972465
158 27.9 -3.2653860302190845
159 27.95 -3.2834326135724523
160 28.0 -3.30144664113299
161 28.05 -3.3194281200658784
162 28.1 -3.3373770575258455
163 28.15 -3.3552934606571854
164 28.2 -3.373177336593761
165 28.25 -3.391028692459021
166 28.3 -3.4088475353660117
167 28.35 -3.426633872417387
168 28.4 -3.4443877107054197
169 28.45 -3.462109057312015
170 28.5 -3.479797919308716
171 28.55 -3.497454303756723
172 28.6 -3.515078217706901
173 28.65 -3.5326696681997873
174 28.7 -3.550228662265609
175 28.75 -3.567755206924295
176 28.8 -3.5852493091854782
177 28.85 -3.602710976048516
178 28.9 -3.620140214502498
179 28.95 -3.6375370315262576
180 29.0 -3.6549014340883836
181 29.05 -3.6722334291472283
182 29.1 -3.689533023650923
183 29.15 -3.7068002245373854
184 29.2 -3.724035038734334
185 29.25 -3.741237473159299
186 29.3 -3.758407534719628
187 29.35 -3.7755452303125048
188 29.4 -3.7926505668249546
189 29.45 -3.809723551133856
190 29.5 -3.8267641901059553
191 29.55 -3.843772490597874
192 29.6 -3.86074845945612
193 29.65 -3.877692103517098
194 29.7 -3.8946034296071255
195 29.75 -3.9114824445424374
196 29.8 -3.9283291551291977
197 29.85 -3.9451435681635143
198 29.9 -3.9619256904314457
199 29.95 -3.9786755287090148
200 30.0 -3.9953930897622163
201 30.05 -4.012078380347029
202 30.1 -4.028731407209427
203 30.15 -4.045352177085393
204 30.2 -4.061940696700922
205 30.25 -4.078496972772039
206 30.3 -4.095021012004803
207 30.35 -4.111512821095325
208 30.4 -4.127972406729772
209 30.45 -4.144399775584382
210 30.5 -4.160794934325471
211 30.55 -4.177157889609449
212 30.6 -4.19348864808282
213 30.65 -4.209787216382205
214 30.7 -4.226053601134345
215 30.75 -4.242287808956112
216 30.8 -4.258489846454523
217 30.85 -4.274659720226745
218 30.9 -4.290797436860109
219 30.95 -4.306903002932121
220 31.0 -4.322976425010469
221 31.05 -4.339017709653036
222 31.1 -4.355026863407909
223 31.15 -4.3710038928133885
224 31.2 -4.3869488043980045
225 31.25 -4.402861604680517
226 31.3 -4.418742300169932
227 31.35 -4.4345908973655135
228 31.4 -4.45040740275679
229 31.45 -4.466191822823565
230 31.5 -4.481944164035929
231 31.55 -4.497664432854267
232 31.6 -4.513352635729272
233 31.65 -4.529008779101949
234 31.7 -4.544632869403633
235 31.75 -4.560224913055994
236 31.8 -4.57578491647105
237 31.85 -4.5913128860511705
238 31.9 -4.606808828189095
239 31.95 -4.622272749267937
240 32.0 -4.637704655661197
241 32.05 -4.653104553732771
242 32.1 -4.668472449836957
243 32.15 -4.683808350318475
244 32.2 -4.699112261512466
245 32.25 -4.714384189744508
246 32.3 -4.729624141330623
247 32.35 -4.744832122577285
248 32.4 -4.760008139781437
249 32.45 -4.775152199230495
250 32.5 -4.790264307202356
251 32.55 -4.805344469965413
252 32.6 -4.8203926937785635
253 32.65 -4.835408984891216
254 32.7 -4.8503933495433005
255 32.75 -4.865345793965281
256 32.8 -4.880266324378161
257 32.85 -4.895154946993501
258 32.9 -4.910011668013415
259 32.95 -4.9248364936305915
260 33.0 -4.939629430028298
261 33.05 -4.954390483380393
262 33.1 -4.969119659851331
263 33.15 -4.983816965596179
264 33.2 -4.998482406760617
265 33.25 -5.013115989480956
266 33.3 -5.02771771988414
267 33.35 -5.042287604087765
268 33.4 -5.056825648200076
269 33.45 -5.071331858319987
270 33.5 -5.085806240537085
271 33.55 -5.100248800931641
272 33.6 -5.114659545574616
273 33.65 -5.129038480527677
274 33.7 -5.143385611843198
275 33.75 -5.157700945564277
276 33.8 -5.171984487724742
277 33.85 -5.186236244349158
278 33.9 -5.200456221452838
279 33.95 -5.214644425041855
280 34.0 -5.228800861113043
281 34.05 -5.242925535654017
282 34.1 -5.257018454643174
283 34.15 -5.271079624049706
284 34.2 -5.2851090498336095
285 34.25 -5.299106737945689
286 34.3 -5.3130726943275715
287 34.35 -5.327006924911716
288 34.4 -5.340909435621418
289 34.45 -5.354780232370822
290 34.5 -5.368619321064931
291 34.55 -5.38242670759961
292 34.6 -5.396202397861602
293 34.65 -5.4099463977285325
294 34.7 -5.423658713068922
295 34.75 -5.437339349742188
296 34.8 -5.450988313598662
297 34.85 -5.464605610479595
298 34.9 -5.478191246217162
299 34.95 -5.491745226634481
300 35.0 -5.505267557545611
301 35.05 -5.518758244755568
302 35.1 -5.532217294060328
303 35.15 -5.545644711246844
304 35.2 -5.559040502093043
305 35.25 -5.572404672367848
306 35.3 -5.585737227831176
307 35.35 -5.599038174233951
308 35.4 -5.612307517318116
309 35.45 -5.625545262816633
310 35.5 -5.638751416453499
311 35.55 -5.651925983943754
312 35.6 -5.665068970993485
313 35.65 -5.678180383299837
314 35.7 -5.691260226551024
315 35.75 -5.704308506426337
316 35.8 -5.7173252285961444
317 35.85 -5.730310398721915
318 35.9 -5.743264022456215
319 35.95 -5.756186105442718
320 36.0 -5.769076653316218
321 36.05 -5.781935671702636
322 36.1 -5.794763166219025
323 36.15 -5.807559142473584
324 36.2 -5.820323606065662
325 36.25 -5.833056562585767
326 36.3 -5.8457580176155775
327 36.35 -5.858427976727946
328 36.4 -5.871066445486913
329 36.45 -5.8836734294477075
330 36.5 -5.896248934156764
331 36.55 -5.908792965151726
332 36.6 -5.921305527961453
333 36.65 -5.9337866281060325
334 36.7 -5.946236271096786
335 36.75 -5.958654462436277
336 36.8 -5.97104120761832
337 36.85 -5.98339651212799
338 36.9 -5.995720381441626
339 36.95 -6.008012821026845
340 37.0 -6.020273836342543
341 37.05 -6.032503432838915
342 37.1 -6.044701615957449
343 37.15 -6.056868391130942
344 37.2 -6.069003763783508
345 37.25 -6.081107739330584
346 37.3 -6.093180323178938
347 37.35 -6.105221520726679
348 37.4 -6.117231337363262
349 37.45 -6.129209778469499
350 37.5 -6.141156849417565
351 37.55 -6.153072555571008
352 37.6 -6.164956902284752
353 37.65 -6.176809894905111
354 37.7 -6.188631538769795
355 37.75 -6.200421839207914
356 37.8 -6.212180801539991
357 37.85 -6.223908431077968
358 37.9 -6.2356047331252125
359 37.95 -6.2472697129765296
360 38.0 -6.2589033759181625
361 38.05 -6.270505727227807
362 38.1 -6.282076772174614
363 38.15 -6.293616516019203
364 38.2 -6.3051249640136655
365 38.25 -6.316602121401573
366 38.3 -6.3280479934179885
367 38.35 -6.3394625852894695
368 38.4 -6.350845902234076
369 38.45 -6.362197949461384
370 38.5 -6.373518732172485
371 38.55 -6.384808255559999
372 38.6 -6.39606652480808
373 38.65 -6.4072935450924255
374 38.7 -6.418489321580281
375 38.75 -6.42965385943045
376 38.8 -6.440787163793303
377 38.85 -6.45188923981078
378 38.9 -6.4629600926164015
379 38.95 -6.473999727335276
380 39.0 -6.4850081490841065
381 39.05 -6.495985362971199
382 39.1 -6.50693137409647
383 39.15 -6.517846187551452
384 39.2 -6.528729808419303
385 39.25 -6.539582241774812
386 39.3 -6.550403492684409
387 39.35 -6.56119356620617
388 39.4 -6.571952467389826
389 39.45 -6.5826802012767685
390 39.5 -6.593376772900059
391 39.55 -6.604042187284435
392 39.6 -6.614676449446318
393 39.65 -6.625279564393819
394 39.7 -6.635851537126749
395 39.75 -6.646392372636624
396 39.8 -6.656902075906673
397 39.85 -6.667380651911842
398 39.9 -6.67782810561881
399 39.95 -6.688244441985984
400 40.0 -6.698629665963517
401 40.05 -6.708983782493308
402 40.1 -6.719306796509015
403 40.15 -6.729598712936056
404 40.2 -6.739859536691621
405 40.25 -6.750089272684677
406 40.3 -6.760287925815974
407 40.35 -6.770455500978056
408 40.4 -6.780592003055262
409 40.45 -6.790697436923741
410 40.5 -6.8007718074514525
411 40.55 -6.810815119498176
412 40.6 -6.820827377915515
413 40.65 -6.830808587546912
414 40.7 -6.840758753227646
415 40.75 -6.850677879784845
416 40.8 -6.860565972037493
417 40.85 -6.870423034796436
418 40.9 -6.880249072864384
419 40.95 -6.890044091035927
420 41.0 -6.899808094097536
421 41.05 -6.909541086827572
422 41.1 -6.91924307399629
423 41.15 -6.928914060365849
424 41.2 -6.938554050690319
425 41.25 -6.948163049715687
426 41.3 -6.957741062179861
427 41.35 -6.967288092812682
428 41.4 -6.976804146335926
429 41.45 -6.986289227463314
430 41.5 -6.995743340900518
431 41.55 -7.005166491345166
432 41.6 -7.014558683486853
433 41.65 -7.023919922007141
434 41.7 -7.033250211579572
435 41.75 -7.042549556869674
436 41.8 -7.051817962534962
437 41.85 -7.06105543322495
438 41.9 -7.070261973581157
439 41.95 -7.0794375882371146
440 42.0 -7.088582281818368
441 42.05 -7.097696058942491
442 42.1 -7.106778924219084
443 42.15 -7.115830882249787
444 42.2 -7.124851937628285
445 42.25 -7.133842094940311
446 42.3 -7.142801358763657
447 42.35 -7.151729733668177
448 42.4 -7.160627224215798
449 42.45 -7.1694938349605195
450 42.5 -7.178329570448427
451 42.55 -7.187134435217695
452 42.6 -7.195908433798595
453 42.65 -7.204651570713499
454 42.7 -7.213363850476889
455 42.75 -7.222045277595363
456 42.8 -7.23069585656764
457 42.85 -7.239315591884567
458 42.9 -7.247904488029127
459 42.95 -7.256462549476442
460 43.0 -7.264989780693784
461 43.05 -7.273486186140576
462 43.1 -7.281951770268403
463 43.15 -7.290386537521014
464 43.2 -7.2987904923343345
465 43.25 -7.307163639136465
466 43.3 -7.315505982347693
467 43.35 -7.323817526380498
468 43.4 -7.332098275639558
469 43.45 -7.340348234521752
470 43.5 -7.348567407416171
471 43.55 -7.356755798704123
472 43.6 -7.3649134127591385
473 43.65 -7.373040253946977
474 43.7 -7.381136326625631
475 43.75 -7.389201635145337
476 43.8 -7.3972361838485785
477 43.85 -7.4052399770700905
478 43.9 -7.41321301913687
479 43.95 -7.421155314368177
480 44.0 -7.429066867075548
481 44.05 -7.436947681562793
482 44.1 -7.444797762126007
483 44.15 -7.452617113053577
484 44.2 -7.460405738626185
485 44.25 -7.468163643116815
486 44.3 -7.475890830790758
487 44.35 -7.483587305905622
488 44.4 -7.491253072711333
489 44.45 -7.498888135450146
490 44.5 -7.5064924983566454
491 44.55 -7.514066165657755
492 44.6 -7.521609141572743
493 44.65 -7.529121430313226
494 44.7 -7.5366030360831795
495 44.75 -7.544053963078939
496 44.8 -7.5514742154892085
497 44.85 -7.558863797495064
498 44.9 -7.566222713269965
499 44.95 -7.573550966979751
500 45.0 -7.580848562782659
501 45.05 -7.588115504829319
502 45.1 -7.595351797262765
503 45.15 -7.60255744421844
504 45.2 -7.609732449824201
505 45.25 -7.616876818200328
506 45.3 -7.6239905534595245
507 45.35 -7.631073659706926
508 45.4 -7.638126141040107
509 45.45 -7.645148001549086
510 45.5 -7.652139245316329
511 45.55 -7.659099876416758
512 45.6 -7.666029898917755
513 45.65 -7.67292931687917
514 45.7 -7.679798134353322
515 45.75 -7.686636355385011
516 45.8 -7.693443984011519
517 45.85 -7.700221024262616
518 45.9 -7.706967480160568
519 45.95 -7.713683355720141
520 46.0 -7.720368654948607
521 46.05 -7.72702338184575
522 46.1 -7.73364754040387
523 46.15 -7.740241134607789
524 46.2 -7.74680416843486
525 46.25 -7.753336645854968
526 46.3 -7.759838570830537
527 46.35 -7.766309947316537
528 46.4 -7.7727507792604875
529 46.45 -7.7791610706024645
530 46.5 -7.785540825275105
531 46.55 -7.791890047203614
532 46.6 -7.798208740305767
533 46.65 -7.804496908491918
534 46.7 -7.810754555665005
535 46.75 -7.816981685720554
536 46.8 -7.823178302546686
537 46.85 -7.82934441002412
538 46.9 -7.835480012026181
539 46.95 -7.841585112418805
540 47.0 -7.847659715060543
541 47.05 -7.853703823802567
542 47.1 -7.859717442488675
543 47.15 -7.865700574955298
544 47.2 -7.871653225031503
545 47.25 -7.877575396539
546 47.3 -7.883467093292147
547 47.35 -7.889328319097955
548 47.4 -7.895159077756093
549 47.45 -7.900959373058893
550 47.5 -7.906729208791359
551 47.55 -7.912468588731165
552 47.6 -7.918177516648667
553 47.65 -7.923855996306905
554 47.7 -7.929504031461608
555 47.75 -7.9351216258612025
556 47.8 -7.940708783246812
557 47.85 -7.946265507352268
558 47.9 -7.951791801904112
559 47.95 -7.957287670621601
560 48.0 -7.962753117216713
561 48.05 -7.968188145394152
562 48.1 -7.973592758851354
563 48.15 -7.97896696127849
564 48.2 -7.984310756358474
565 48.25 -7.989624147766966
566 48.3 -7.994907139172376
567 48.35 -8.000159734235874
568 48.4 -8.005381936611387
569 48.45 -8.010573749945616
570 48.5 -8.015735177878026
571 48.55 -8.020866224040866
572 48.6 -8.025966892059161
573 48.65 -8.031037185550726
574 48.7 -8.03607710812617
575 48.75 -8.041086663388894
576 48.8 -8.046065854935103
577 48.85 -8.05101468635381
578 48.9 -8.05593316122684
579 48.95 -8.060821283128833
580 49.0 -8.065679055627253
581 49.05 -8.07050648228239
582 49.1 -8.075303566647364
583 49.15 -8.08007031226813
584 49.2 -8.08480672268349
585 49.25 -8.089512801425089
586 49.3 -8.094188552017421
587 49.35 -8.09883397797784
588 49.4 -8.103449082816558
589 49.45 -8.108033870036655
590 49.5 -8.112588343134078
591 49.55 -8.117112505597653
592 49.6 -8.121606360909084
593 49.65 -8.126069912542961
594 49.7 -8.130503163966763
595 49.75 -8.134906118640863
596 49.8 -8.139278780018536
597 49.85 -8.143621151545958
598 49.9 -8.147933236662213
599 49.95 -8.152215038799303
600 50.0 -8.156466561382144
601 50.05 -8.160687807828577
602 50.1 -8.164878781549367
603 50.15 -8.169039485948218
604 50.2 -8.173169924421765
605 50.25 -8.177270100359587
606 50.3 -8.18134001714421
607 50.35 -8.18537967815111
608 50.4 -8.189389086748717
609 50.45 -8.193368246298425
610 50.5 -8.197317160154588
611 50.55 -8.201235831664535
612 50.6 -8.205124264168566
613 50.65 -8.208982460999959
614 50.7 -8.212810425484976
615 50.75 -8.216608160942867
616 50.8 -8.220375670685875
617 50.85 -8.224112958019239
618 50.9 -8.227820026241199
619 50.95 -8.231496878643002
620 51.0 -8.235143518508904
621 51.05 -8.238759949116178
622 51.1 -8.242346173735115
623 51.15 -8.24590219562903
624 51.2 -8.24942801805427
625 51.25 -8.252923644260207
626 51.3 -8.256389077489258
627 51.35 -8.259824320976877
628 51.4 -8.263229377951568
629 51.45 -8.266604251634881
630 51.5 -8.269948945241426
631 51.55 -8.27326346197887
632 51.6 -8.276547805047944
633 51.65 -8.279801977642448
634 51.7 -8.283025982949253
635 51.75 -8.286219824148308
636 51.8 -8.289383504412644
637 51.85 -8.292517026908376
638 51.9 -8.295620394794712
639 51.95 -8.29869361122395
640 52.0 -8.301736679341492
641 52.05 -8.304749602285836
642 52.1 -8.307732383188595
643 52.15 -8.31068502517449
644 52.2 -8.313607531361354
645 52.25 -8.316499904860148
646 52.3 -8.31936214877495
647 52.35 -8.32219426620297
648 52.4 -8.324996260234554
649 52.45 -8.32776813395318
650 52.5 -8.330509890435467
651 52.55 -8.333221532751182
652 52.6 -8.335903063963242
653 52.65 -8.338554487127718
654 52.7 -8.341175805293837
655 52.75 -8.343767021503988
656 52.8 -8.34632813879373
657 52.85 -8.348859160191788
658 52.9 -8.351360088720066
659 52.95 -8.353830927393643
660 53.0 -8.356271679220784
661 53.05 -8.358682347202938
662 53.1 -8.361062934334747
663 53.15 -8.363413443604049
664 53.2 -8.365733877991879
665 53.25 -8.368024240472478
666 53.3 -8.37028453401329
667 53.35 -8.372514761574978
668 53.4 -8.374714926111412
669 53.45 -8.376885030569689
670 53.5 -8.379025077890123
671 53.55 -8.381135071006263
672 53.6 -8.38321501284488
673 53.65 -8.385264906325991
674 53.7 -8.387284754362845
675 53.75 -8.389274559861938
676 53.8 -8.391234325723014
677 53.85 -8.393164054839065
678 53.9 -8.395063750096343
679 53.95 -8.396933414374356
680 54.0 -8.398773050545875
681 54.05 -8.400582661476943
682 54.1 -8.402362250026869
683 54.15 -8.404111819048238
684 54.2 -8.405831371386915
685 54.25 -8.40752090988205
686 54.3 -8.409180437366077
687 54.35 -8.41080995666472
688 54.4 -8.412409470596996
689 54.45 -8.413978981975227
690 54.5 -8.41551849360503
691 54.55 -8.417028008285332
692 54.6 -8.418507528808368
693 54.65 -8.419957057959687
694 54.7 -8.421376598518156
695 54.75 -8.422766153255964
696 54.8 -8.424125724938621
697 54.85 -8.425455316324971
698 54.9 -8.426754930167185
699 54.95 -8.428024569210775
700 55.0 -8.42926423619459
701 55.05 -8.430473933850825
702 55.1 -8.43165366490502
703 55.15 -8.432803432076069
704 55.2 -8.433923238076217
705 55.25 -8.43501308561107
706 55.3 -8.436072977379597
707 55.35 -8.437102916074133
708 55.4 -8.438102904380381
709 55.45 -8.439072944977417
710 55.5 -8.440013040537696
711 55.55 -8.440923193727054
712 55.6 -8.441803407204706
713 55.65 -8.442653683623261
714 55.7 -8.443474025628717
715 55.75 -8.444264435860468
716 55.8 -8.445024916951304
717 55.85 -8.445755471527422
718 55.9 -8.446456102208419
719 55.95 -8.447126811607307
720 56.0 -8.447767602330506
721 56.05 -8.448378476977856
722 56.1 -8.448959438142618
723 56.15 -8.449510488411473
724 56.2 -8.450031630364531
725 56.25 -8.450522866575334
726 56.3 -8.450984199610856
727 56.35 -8.45141563203151
728 56.4 -8.45181716639115
729 56.45 -8.452188805237075
730 56.5 -8.45253055111003
731 56.55 -8.452842406544216
732 56.6 -8.453124374067285
733 56.65 -8.453376456200349
734 56.7 -8.453598655457983
735 56.75 -8.453790974348225
736 56.8 -8.453953415372586
737 56.85 -8.454085981026045
738 56.9 -8.45418867379706
739 56.95 -8.454261496167565
740 57.0 -8.454304450612979
741 57.05 -8.454317539602204
742 57.1 -8.454300765597635
743 57.15 -8.454254131055157
744 57.2 -8.454177638424152
745 57.25 -8.454071290147501
746 57.3 -8.453935088661588
747 57.35 -8.453769036396302
748 57.4 -8.453573135775041
749 57.45 -8.453347389214718
750 57.5 -8.45309179912576
751 57.55 -8.452806367912114
752 57.6 -8.452491097971249
753 57.65 -8.45214599169416
754 57.7 -8.45177105146537
755 57.75 -8.451366279662937
756 57.8 -8.450931678658451
757 57.85 -8.450467250817043
758 57.9 -8.449972998497387
759 57.95 -8.4494489240517
760 58.0 -8.448895029825747
761 58.05 -8.44831131815885
762 58.1 -8.44769779138388
763 58.15 -8.447054451827269
764 58.2 -8.446381301809007
765 58.25 -8.445678343642653
766 58.3 -8.44494557963533
767 58.35 -8.444183012087736
768 58.4 -8.443390643294139
769 58.45 -8.442568475542384
770 58.5 -8.4417165111139
771 58.55 -8.440834752283694
772 58.6 -8.439923201320365
773 58.65 -8.438981860486098
774 58.7 -8.438010732036673
775 58.75 -8.437009818221464
776 58.8 -8.435979121283443
777 58.85 -8.434918643459188
778 58.9 -8.433828386978876
779 58.95 -8.432708354066296
780 59.0 -8.43155854693885
781 59.05 -8.43037896780755
782 59.1 -8.429169618877028
783 59.15 -8.427930502345532
784 59.2 -8.42666162040494
785 59.25 -8.42536297524075
786 59.3 -8.424034569032095
787 59.35 -8.422676403951735
788 59.4 -8.421288482166068
789 59.45 -8.419870805835128
790 59.5 -8.418423377112594
791 59.55 -8.416946198145787
792 59.6 -8.415439271075673
793 59.65 -8.413902598036872
794 59.7 -8.412336181157654
795 59.75 -8.410740022559947
796 59.8 -8.409114124359338
797 59.85 -8.407458488665073
798 59.9 -8.405773117580065
799 59.95 -8.404058013200894
800 60.0 -8.40231317761781
801 60.05 -8.400538612914737
802 60.1 -8.398734321169274
803 60.15 -8.3969003044527
804 60.2 -8.395036564829978
805 60.25 -8.393143104359751
806 60.3 -8.391219925094356
807 60.35 -8.389267029079814
808 60.4 -8.387284418355843
809 60.45 -8.385272094955855
810 60.5 -8.383230060906964
811 60.55 -8.381158318229982
812 60.6 -8.37905686893943
813 60.65 -8.376925715043528
814 60.7 -8.374764858544218
815 60.75 -8.372574301437146
816 60.8 -8.370354045711675
817 60.85 -8.368104093350889
818 60.9 -8.365824446331589
819 60.95 -8.363515106624304
820 61.0 -8.361176076193289
821 61.05 -8.358807356996525
822 61.1 -8.35640895098573
823 61.15 -8.35398086010635
824 61.2 -8.351523086297576
825 61.25 -8.349035631492331
826 61.3 -8.34651849761729
827 61.35 -8.343971686592864
828 61.4 -8.341395200333219
829 61.45 -8.338789040746269
830 61.5 -8.336153209733682
831 61.55 -8.333487709190882
832 61.6 -8.330792541007051
833 61.65 -8.328067707065134
834 61.7 -8.325313209241838
835 61.75 -8.322529049407636
836 61.8 -8.319715229426775
837 61.85 -8.316871751157269
838 61.9 -8.313998616450906
839 61.95 -8.311095827153254
840 62.0 -8.30816338510366
841 62.05 -8.30520129213525
842 62.1 -8.302209550074938
843 62.15 -8.299188160743425
844 62.2 -8.296137125955198
845 62.25 -8.293056447518541
846 62.3 -8.289946127235531
847 62.35 -8.286806166902041
848 62.4 -8.283636568307745
849 62.45 -8.280437333236119
850 62.5 -8.277208463464444
851 62.55 -8.273949960763808
852 62.6 -8.27066182689911
853 62.65 -8.267344063629059
854 62.7 -8.263996672706181
855 62.75 -8.26061965587682
856 62.8 -8.257213014881135
857 62.85 -8.25377675145311
858 62.9 -8.250310867320554
859 62.95 -8.246815364205103
860 63.0 -8.243290243822221
861 63.05 -8.239735507881205
862 63.1 -8.236151158085185
863 63.15 -8.232537196131128
864 63.2 -8.22889362370984
865 63.25 -8.22522044250597
866 63.3 -8.221517654198006
867 63.35 -8.217785260458289
868 63.4 -8.214023262953003
869 63.45 -8.210231663342183
870 63.5 -8.206410463279722
871 63.55 -8.202559664413362
872 63.6 -8.198679268384709
873 63.65 -8.194769276829224
874 63.7 -8.190829691376232
875 63.75 -8.186860513648925
876 63.8 -8.18286174526436
877 63.85 -8.178833387833462
878 63.9 -8.174775442961032
879 63.95 -8.17068791224574
880 64.0 -8.166570797280135
881 64.05 -8.162424099650645
882 64.1 -8.158247820937575
883 64.15 -8.154041962715118
884 64.2 -8.149806526551348
885 64.25 -8.145541514008228
886 64.3 -8.14124692664161
887 64.35 -8.136922766001241
888 64.4 -8.132569033630759
889 64.45 -8.128185731067697
890 64.5 -8.12351661926007
891 64.55 -8.118748296509226
892 64.6 -8.113883444068012
893 64.65 -8.108924573534264
894 64.7 -8.103874037080677
895 64.75 -8.098734039113749
896 64.8 -8.093506648076913
897 64.85 -8.088193807765464
898 64.9 -8.082797347866393
899 64.95 -8.077318993619613
900 65.0 -8.071760374593067
901 65.05 -8.066123032612499
902 65.1 -8.060408428908877
903 65.15 -8.054617950554386
904 65.2 -8.048752916258186
905 65.25 -8.042814581589631
906 65.3 -8.036804143691215
907 65.35 -8.03072274553756
908 65.4 -8.02457147979076
909 65.45 -8.018351392296708
910 65.5 -8.01206348526185
911 65.55 -8.005708720145114
912 65.6 -7.999288020295638
913 65.65 -7.992802273363228
914 65.7 -7.986252333505261
915 65.75 -7.979639023410969
916 65.8 -7.972963136161547
917 65.85 -7.966225436942405
918 65.9 -7.959426664621996
919 65.95 -7.95256753321004
920 66.0 -7.945648733206496
921 66.05 -7.938670932851428
922 66.1 -7.9316347792847735
923 66.15 -7.924540899624077
924 66.2 -7.9173899019674066
925 66.25 -7.910182376327914
926 66.3 -7.902918895505848
927 66.35 -7.895600015903232
928 66.4 -7.88822627828594
929 66.45 -7.880798208497389
930 66.5 -7.873316318127708
931 66.55 -7.865781105141863
932 66.6 -7.858193054469887
933 66.65 -7.8505526385620845
934 66.7 -7.842860317911825
935 66.75 -7.835116541548301
936 66.8 -7.827321747501411
937 66.85 -7.819476363240766
938 66.9 -7.811580806090617
939 66.95 -7.803635483622377
940 67.0 -7.795640794026261
941 67.05 -7.78759712646344
942 67.1 -7.779504861399995
943 67.15 -7.771364370923872
944 67.2 -7.763176019045913
945 67.25 -7.7549401619859815
946 67.3 -7.746657148445119
947 67.35 -7.738327319864586
948 67.4 -7.729951010672589
949 67.45 -7.721528548519437
950 67.5 -7.713060254501816
951 67.55 -7.704546443376803
952 67.6 -7.695987423766243
953 67.65 -7.687383498352002
954 67.7 -7.678734964062646
955 67.75 -7.670042112252
956 67.8 -7.661305228870046
957 67.85 -7.652524594626573
958 67.9 -7.643700485147968
959 67.95 -7.634833171127513
960 68.0 -7.625922918469533
961 68.05 -7.616969988427714
962 68.1 -7.607974637737875
963 68.15 -7.598937118745507
964 68.2 -7.589857679528304
965 68.25 -7.5807365640139714
966 68.3 -7.571574012093516
967 68.35 -7.56237025973025
968 68.4 -7.553125539064716
969 68.45 -7.543840078515718
970 68.5 -7.534514102877656
971 68.55 -7.525147833414325
972 68.6 -7.51574148794934
973 68.65 -7.506295280953355
974 68.7 -7.496809423628207
975 68.75 -7.487284123988128
976 68.8 -7.477719586938159
977 68.85 -7.468116014349879
978 68.9 -7.458473605134576
979 68.95 -7.448792555313966
980 69.0 -7.4390730580885585
981 69.05 -7.429315303903782
982 69.1 -7.419519480513952
983 69.15 -7.409685773044172
984 69.2 -7.399814364050258
985 69.25 -7.38990543357676
986 69.3 -7.379959159213168
987 69.35 -7.369975716148362
988 69.4 -7.359955277223383
989 69.45 -7.349898012982593
990 69.5 -7.339804091723283
991 69.55 -7.329673679543786
992 69.6 -7.319506940390164
993 69.65 -7.309304036101504
994 69.7 -7.299065126453902
995 69.75 -7.288790369203154
996 69.8 -7.278479920126225
997 69.85 -7.268133933061532
998 69.9 -7.257752559948082
999 69.95 -7.247335950863513
1000 70.0 -7.2368842540610725
1001 70.05 -7.226397616005571
1002 70.1 -7.215876181408351
1003 70.15 -7.205320093261299
1004 70.2 -7.194729492869943
1005 70.25 -7.18410451988566
1006 70.3 -7.17344531233703
1007 70.35 -7.162752006660351
1008 70.4 -7.152024737729364
1009 70.45 -7.141263638884205
1010 70.5 -7.130468841959599
1011 70.55 -7.119640477312346
1012 70.6 -7.1087786738480885
1013 70.65 -7.097883559047424
1014 70.7 -7.086955258991344
1015 70.75 -7.07599389838605
1016 70.8 -7.064999600587156
1017 70.85 -7.053972487623285
1018 70.9 -7.042912680219106
1019 70.95 -7.031820297817804
1020 71.0 -7.02069545860301
1021 71.05 -7.00953827952021
1022 71.1 -6.998348876297643
1023 71.15 -6.987127363466713
1024 71.2 -6.975873854381913
1025 71.25 -6.964588461240295
1026 71.3 -6.953271295100488
1027 71.35 -6.941922465901275
1028 71.4 -6.9305420824797555
1029 71.45 -6.919130252589087
1030 71.5 -6.907687082915838
1031 71.55 -6.896212679096938
1032 71.6 -6.8847071457362725
1033 71.65 -6.873170586420891
1034 71.7 -6.861603103736872
1035 71.75 -6.850004799284838
1036 71.8 -6.838375773695134
1037 71.85 -6.826716126642684
1038 71.9 -6.815025956861525
1039 71.95 -6.803305362159028
1040 72.0 -6.791554439429835
1041 72.05 -6.7797732846694805
1042 72.1 -6.7679619929877495
1043 72.15 -6.756120658621744
1044 72.2 -6.744249374948685
1045 72.25 -6.73234823449846
1046 72.3 -6.720417328965894
1047 72.35 -6.708456749222797
1048 72.4 -6.696466585329748
1049 72.45 -6.6844469265476585
1050 72.5 -6.672397861349091
1051 72.55 -6.660319477429367
1052 72.6 -6.648211861717446
1053 72.65 -6.6360751003865985
1054 72.7 -6.623909278864869
1055 72.75 -6.611714481845333
1056 72.8 -6.599490793296157
1057 72.85 -6.587238296470477
1058 72.9 -6.57495707391607
1059 72.95 -6.56264720748486
1060 73.0 -6.550308778342231
1061 73.05 -6.537941866976175
1062 73.1 -6.525546553206267
1063 73.15 -6.513122916192469
1064 73.2 -6.500671034443776
1065 73.25 -6.488190985826711
1066 73.3 -6.475682847573645
1067 73.35 -6.463146696290982
1068 73.4 -6.4505826079671955
1069 73.45 -6.4379906579807145
1070 73.5 -6.425370921107671
1071 73.55 -6.41272347152951
1072 73.6 -6.400048382840467
1073 73.65 -6.387345728054906
1074 73.7 -6.374615579614542
1075 73.75 -6.361858009395525
1076 73.8 -6.34907308871541
1077 73.85 -6.336260888340002
1078 73.9 -6.323421478490082
1079 73.95 -6.3105549288480285
1080 74.0 -6.297661308564311
1081 74.05 -6.284740686263886
1082 74.1 -6.271793130052478
1083 74.15 -6.258818707522762
1084 74.2 -6.245817485760435
1085 74.25 -6.232789531350194
1086 74.3 -6.219734910381612
1087 74.35 -6.206653688454914
1088 74.4 -6.193545930686666
1089 74.45 -6.180411701715367
1090 74.5 -6.167251065706949
1091 74.55 -6.15406408636019
1092 74.6 -6.140850826912044
1093 74.65 -6.127611350142877
1094 74.7 -6.114345718381629
1095 74.75 -6.101053993510887
1096 74.8 -6.087736236971882
1097 74.85 -6.074392509769406
1098 74.9 -6.061022872476656
1099 74.95 -6.047627385239993
1100 75.0 -6.034206107783641
1101 75.05 -6.0207590994143
1102 75.1 -6.007286419025699
1103 75.15 -5.993788125103074
1104 75.2 -5.980264275727575
1105 75.25 -5.9667149285806165
1106 75.3 -5.9531401409481495
1107 75.35 -5.939539969724879
1108 75.4 -5.925914471418416
1109 75.45 -5.912263702153367
1110 75.5 -5.8985877176753565
1111 75.55 -5.884886573355005
1112 75.6 -5.871160324191836
1113 75.65 -5.8574090248181285
1114 75.7 -5.843632729502718
1115 75.75 -5.829831492154735
1116 75.8 -5.816005366327294
1117 75.85 -5.802154405221133
1118 75.9 -5.788278661688189
1119 75.95 -5.774378188235138
1120 76.0 -5.760453037026872
1121 76.05 -5.746503259889931
1122 76.1 -5.732528908315888
1123 76.15 -5.718530033464686
1124 76.2 -5.704506686167928
1125 76.25 -5.6904589169321245
1126 76.3 -5.676386775941879
1127 76.35 -5.662290313063057
1128 76.4 -5.648169577845891
1129 76.45 -5.634024619528052
1130 76.5 -5.619855487037671
1131 76.55 -5.605662228996329
1132 76.6 -5.591444893722002
1133 76.65 -5.577203529231961
1134 76.7 -5.562938183245644
1135 76.75 -5.548648903187483
1136 76.8 -5.534335736189687
1137 76.85 -5.519998729095004
1138 76.9 -5.505637928459435
1139 76.95 -5.491253380554908
1140 77.0 -5.476845131371933
1141 77.05 -5.462413226622203
1142 77.1 -5.447957711741182
1143 77.15 -5.433478631890636
1144 77.2 -5.41897603196115
1145 77.25 -5.404449956574605
1146 77.3 -5.389900450086621
1147 77.35 -5.375327556588975
1148 77.4 -5.360731319911989
1149 77.45 -5.346111783626867
1150 77.5 -5.331468991048037
1151 77.55 -5.316802985235433
1152 77.6 -5.3021138089967685
1153 77.65 -5.287401504889771
1154 77.7 -5.272666115224385
1155 77.75 -5.257907682064964
1156 77.8 -5.243126247232413
1157 77.85 -5.22832185230633
1158 77.9 -5.213494538627093
1159 77.95 -5.19864434729795
1160 78.0 -5.183771319187059
1161 78.05 -5.1688754949295195
1162 78.1 -5.153956914929369
1163 78.15 -5.139015619361564
1164 78.2 -5.124051648173932
1165 78.25 -5.109065041089096
1166 78.3 -5.094055837606386
1167 78.35 -5.079024077003721
1168 78.4 -5.063969798339473
1169 78.45 -5.048893040454298
1170 78.5 -5.033793841972962
1171 78.55 -5.018672241306131
1172 78.6 -5.00352827665215
1173 78.65 -4.988361985998795
1174 78.7 -4.973173407125009
1175 78.75 -4.9579625776026095
1176 78.8 -4.942729534797987
1177 78.85 -4.927474315873776
1178 78.9 -4.91219695779052
1179 78.95 -4.896897497308289
1180 79.0 -4.881575970988316
1181 79.05 -4.866232415194582
1182 79.1 -4.8508668660954
1183 79.15 -4.835479359664981
1184 79.2 -4.820069931684976
1185 79.25 -4.804638617746006
1186 79.3 -4.789185453249171
1187 79.35 -4.773710473407542
1188 79.4 -4.758213713247639
1189 79.45 -4.742695207610896
1190 79.5 -4.727154991155101
1191 79.55 -4.711593098355821
1192 79.6 -4.6960095635078245
1193 79.65 -4.680404420726472
1194 79.7 -4.664777703949095
1195 79.75 -4.6491294469363735
1196 79.8 -4.6334596832736805
1197 79.85 -4.617768446372418
1198 79.9 -4.602055769471344
1199 79.95 -4.5863216856378815
1200 80.0 -4.570566227769411
1201 80.05 -4.5547894285945505
1202 80.1 -4.538991320674424
1203 80.15 -4.523171936403922
1204 80.2 -4.507331308012928
1205 80.25 -4.491469467567559
1206 80.3 -4.475586446971369
1207 80.35 -4.459682277966558
1208 80.4 -4.443756992135159
1209 80.45 -4.427810620900217
1210 80.5 -4.411843195526943
1211 80.55 -4.395854747123882
1212 80.6 -4.379845306644041
1213 80.65 -4.3638149048860235
1214 80.7 -4.347763572495143
1215 80.75 -4.331691339964532
1216 80.8 -4.315598237636235
1217 80.85 -4.2994842957022845
1218 80.9 -4.283349544205787
1219 80.95 -4.267194013041973
1220 81.0 -4.251017731959249
1221 81.05 -4.234820730560241
1222 81.1 -4.218603038302821
1223 81.15 -4.202364684501128
1224 81.2 -4.18610569832657
1225 81.25 -4.1698261088088335
1226 81.3 -4.153525944836862
1227 81.35 -4.137205235159846
1228 81.4 -4.12086400838818
1229 81.45 -4.104502292994431
1230 81.5 -4.088120117314284
1231 81.55 -4.0717175095474865
1232 81.6 -4.055294497758778
1233 81.65 -4.038851109878812
1234 81.7 -4.02238737370507
1235 81.75 -4.00590331690277
1236 81.8 -3.9893989670057577
1237 81.85 -3.972874351417397
1238 81.9 -3.9563294974114447
1239 81.95 -3.9397644321329266
1240 82.0 -3.9231791825989943
1241 82.05 -3.906573775699784
1242 82.1 -3.8899482381992603
1243 82.15 -3.8733025967360475
1244 82.2 -3.8566368778242697
1245 82.25 -3.839951107854371
1246 82.3 -3.8232453130939192
1247 82.35 -3.806519519688424
1248 82.4 -3.7897737536621317
1249 82.45 -3.773008040918818
1250 82.5 -3.7562224072425665
1251 82.55 -3.739416878298556
1252 82.6 -3.72259147963382
1253 82.65 -3.7057462366780127
1254 82.7 -3.688881174744166
1255 82.75 -3.6719963190294385
1256 82.8 -3.655091694615851
1257 82.85 -3.63816732647103
1258 82.9 -3.62122323944893
1259 82.95 -3.6042594582905547
1260 83.0 -3.5872760076246775
1261 83.05 -3.5702729119685435
1262 83.1 -3.5532501957285763
1263 83.15 -3.5362078832010697
1264 83.2 -3.519145998572882
1265 83.25 -3.5020645659221126
1266 83.3 -3.4849636092187883
1267 83.35 -3.467843152325521
1268 83.4 -3.4507032189981857
1269 83.45 -3.4335438328865764
1270 83.5 -3.416365017535057
1271 83.55 -3.399166796383204
1272 83.6 -3.3819491927664647
1273 83.65 -3.364712229916775
1274 83.7 -3.347455930963198
1275 83.75 -3.330180318932554
1276 83.8 -3.3128854167500306
1277 83.85 -3.295571247239803
1278 83.9 -3.2782378331256417
1279 83.95 -3.2608851970315165
1280 84.0 -3.243513361482193
1281 84.05 -3.22612234890383
1282 84.1 -3.208712181624559
1283 84.15 -3.1912828818750802
1284 84.2 -3.1738344717892306
1285 84.25 -3.1563669734045554
1286 84.3 -3.138880408662888
1287 84.35 -3.1213747994108996
1288 84.4 -3.1038501674006733
1289 84.45 -3.0863065342902396
1290 84.5 -3.0687439216441406
1291 84.55 -3.0511623509339705
1292 84.6 -3.033561843538911
1293 84.65 -3.015942420746266
1294 84.7 -2.9983041037520115
1295 84.75 -2.9806469136612948
1296 84.8 -2.9629708714889693
1297 84.85 -2.945275998160115
1298 84.9 -2.927562314510555
1299 84.95 -2.9098298412873533
1300 85.0 -2.8920785991493205
1301 85.05 -2.874308608667526
1302 85.1 -2.8565198903257962
1303 85.15 -2.838712464521182
1304 85.2 -2.8208863515644804
1305 85.25 -2.803041571680699
1306 85.3 -2.7851781450095396
1307 85.35 -2.767296091605875
1308 85.4 -2.7493954314402336
1309 85.45 -2.731476184399249
1310 85.5 -2.7135383702861406
1311 85.55 -2.6955820088211695
1312 85.6 -2.677607119642095
1313 85.65 -2.659613722304634
1314 85.7 -2.6416018362829017
1315 85.75 -2.623571480969873
1316 85.8 -2.6055226756778107
1317 85.85 -2.5874554396387186
1318 85.9 -2.5693697920047707
1319 85.95 -2.551265751848741
1320 86.0 -2.533143338164445
1321 86.05 -2.5150025698671494
1322 86.1 -2.4968434657940053
1323 86.15 -2.478666044704469
1324 86.2 -2.460470325280718
1325 86.25 -2.4422563261280597
1326 86.3 -2.424024065775333
1327 86.35 -2.4057735626753316
1328 86.4 -2.3875048352052013
1329 86.45 -2.369217901666838
1330 86.5 -2.35091278028728
1331 86.55 -2.332589489219112
1332 86.6 -2.3142480465408526
1333 86.65 -2.2958884702573408
1334 86.7 -2.277510778300115
1335 86.75 -2.2591149885278115
1336 86.8 -2.24070111872653
1337 86.85 -2.222269186610211
1338 86.9 -2.2038192098210088
1339 86.95 -2.185351205929669
1340 87.0 -2.1668651924358944
1341 87.05 -2.1483611867687062
1342 87.1 -2.129839206286807
1343 87.15 -2.1112992682789358
1344 87.2 -2.092741389964238
1345 87.25 -2.074165588492606
1346 87.3 -2.055571880945038
1347 87.35 -2.036960284333976
1348 87.4 -2.018330815603676
1349 87.45 -1.9996834916305255
1350 87.5 -1.9810183292233978
1351 87.55 -1.9623353451239864
1352 87.6 -1.9436345560071493
1353 87.65 -1.9249159784812266
1354 87.7 -1.9061796290883826
1355 87.75 -1.8874255243049336
1356 87.8 -1.8686536805416716
1357 87.85 -1.8498641141441976
1358 87.9 -1.8310568413932222
1359 87.95 -1.8122318785049034
1360 88.0 -1.7933892416311594
1361 88.05 -1.7745289468599832
1362 88.1 -1.7556510102157397
1363 88.15 -1.7367554476594977
1364 88.2 -1.7178422750893354
1365 88.25 -1.6989115083406252
1366 88.3 -1.6799631631863503
1367 88.35 -1.6609972553374162
1368 88.4 -1.642013800442937
1369 88.45 -1.6230128140905276
1370 88.5 -1.6039943118066136
1371 88.55 -1.584958309056705
1372 88.6 -1.5659048212457032
1373 88.65 -1.5468338637181849
1374 88.7 -1.5277454517586855
1375 88.75 -1.5086396005919782
1376 88.8 -1.4895163253833703
1377 88.85 -1.470375641238972
1378 88.9 -1.4512175632059792
1379 88.95 -1.4320421062729487
1380 89.0 -1.4128492853700687
1381 89.05 -1.3936391153694427
1382 89.1 -1.3744116110853497
1383 89.15 -1.3551667872745112
1384 89.2 -1.335904658636368
1385 89.25 -1.3166252398133411
1386 89.3 -1.2973285453910886
1387 89.35 -1.2780145898987794
1388 89.4 -1.2586833878093366
1389 89.45 -1.2393349535397011
1390 89.5 -1.2199693014510982
1391 89.55 -1.2005864458492823
1392 89.6 -1.18118640098479
1393 89.65 -1.161769181053187
1394 89.7 -1.1423348001953202
1395 89.75 -1.122883272497576
1396 89.8 -1.1034146119921013
1397 89.85 -1.0839288326570746
1398 89.9 -1.0644259484169234
1399 89.95 -1.0449059731425898
1400 90.0 -1.0253689206517473
1401 90.05 -1.0058148047090412
1402 90.1 -0.9862436390263362
1403 90.15 -0.9666554372629507
1404 90.2 -0.9470502130258733
1405 90.25 -0.9274279798700016
1406 90.3 -0.9077887512983783
1407 90.35 -0.8881325407624193
1408 90.4 -0.8684593616621232
1409 90.45 -0.8487692273463108
1410 90.5 -0.8290621511128473
1411 90.55 -0.8093381462088555
1412 90.6 -0.7895972258309545
1413 90.65 -0.7698394031254506
1414 90.7 -0.7500646911885803
1415 90.75 -0.7302731030667147
1416 90.8 -0.7104646517565782
1417 90.85 -0.690639350205452
1418 90.9 -0.6707972113113968
1419 90.95 -0.6509382479234628
1420 91.0 -0.6310624728418893
1421 91.05 -0.6111698988183198
1422 91.1 -0.5912605385560091
1423 91.15 -0.5713344047100153
1424 91.2 -0.5513915098874204
1425 91.25 -0.5314318666475304
1426 91.3 -0.5114554875020705
1427 91.35 -0.49146238491537303
1428 91.4 -0.4714525713046013
1429 91.45 -0.4514260590399292
1430 91.5 -0.43138286044473123
1431 91.55 -0.4113229877958044
1432 91.6 -0.391246453323531
1433 91.65 -0.3711532692120838
1434 91.7 -0.35104344759961886
1435 91.75 -0.33091700057846785
1436 91.8 -0.3107739401953142
1437 91.85 -0.29061427845137994
1438 91.9 -0.27043802730262984
1439 91.95 -0.2502451986599458
1440 92.0 -0.23003580438930257
1441 92.05 -0.20980985631195054
1442 92.1 -0.1895673662046103
1443 92.15 -0.16930834579965134
1444 92.2 -0.14903280678525863
1445 92.25 -0.12874076080561045
1446 92.3 -0.10843221946106851
1447 92.35 -0.0881071943083456
1448 92.4 -0.0677656968606786
1449 92.45 -0.04740773858800687
1450 92.5 -0.02703333091713201
1451 92.55 -0.006642485231907309
1452 92.6 0.01376478712660481
1453 92.65 0.03418847485996281
1454 92.7 0.054628566712166496
1455 92.75 0.07508505146951633
1456 92.8 0.0955579179604148
1457 92.85 0.11604715505522017
1458 92.9 0.13655275166609057
1459 92.95 0.15707469674680055
1460 93.0 0.1776129792925963
1461 93.05 0.19816758834001977
1462 93.1 0.21873851296675711
1463 93.15 0.23932574229149103
1464 93.2 0.25992926547373174
1465 93.25 0.28054907171363747
1466 93.3 0.30118515025191495
1467 93.35 0.3218374903696044
1468 93.4 0.34250608138796873
1469 93.45 0.3631909126683159
1470 93.5 0.3838919736118625
1471 93.55 0.40460925365956535
1472 93.6 0.4253427422919869
1473 93.65 0.44609242902913904
1474 93.7 0.4668583034303366
1475 93.75 0.48764035509405257
1476 93.8 0.5084385736577626
1477 93.85 0.5292529487978083
1478 93.9 0.5500834702292424
1479 93.95 0.5709301277056971
1480 94.0 0.5917929110192396
1481 94.05 0.6126718100002164
1482 94.1 0.6335668145171273
1483 94.15 0.6544779144764759
1484 94.2 0.6754050998226336
1485 94.25 0.6963483605377009
1486 94.3 0.7173076866413736
1487 94.35 0.7382830681907826
1488 94.4 0.7592744952803956
1489 94.45 0.7802819580418482
1490 94.5 0.8013054466438306
1491 94.55 0.8223449512919466
1492 94.6 0.8434004622285695
1493 94.65 0.864471969732725
1494 94.7 0.8855594641199608
1495 94.75 0.9066629357421978
1496 94.8 0.9277823749876235
1497 94.85 0.9489177722805487
1498 94.9 0.9700691180812692
1499 94.95 0.9912364028859638
1500 95.0 1.0124196172265505
1501 95.05 1.0336187516705593
1502 95.1 1.0548337968210184
1503 95.15 1.076064743316318
1504 95.2 1.097311581830092
1505 95.25 1.1185743030710942
1506 95.3 1.1398528977830689
1507 95.35 1.1611473567446378
1508 95.4 1.182457670769191
1509 95.45 1.2037838307047315
1510 95.5 1.2251258274337848
1511 95.55 1.2464836518732738
1512 95.6 1.2678572949743856
1513 95.65 1.2892467477224803
1514 95.7 1.3106520011369533
1515 95.75 1.332073046271132
1516 95.8 1.353509874212149
1517 95.85 1.3749624760808248
1518 95.9 1.3964308430315753
1519 95.95 1.4179149662522703
1520 96.0 1.4394148369641466
1521 96.05 1.460930446421677
1522 96.1 1.4824617859124583
1523 96.15 1.5040088467571242
1524 96.2 1.5255716203092056
1525 96.25 1.5471500979550292
1526 96.3 1.5687442711136177
1527 96.35 1.590354131236583
1528 96.4 1.6119796698079965
1529 96.45 1.6336208783443147
1530 96.5 1.6552777483942354
1531 96.55 1.6769502715386322
1532 96.6 1.6986384393904077
1533 96.65 1.7203422435944213
1534 96.7 1.7420616758273706
1535 96.75 1.7637967277976883
1536 96.8 1.7855473912454363
1537 96.85 1.8073136579422229
1538 96.9 1.8290955196910657
1539 96.95 1.8508929683263284
1540 97.0 1.8727059957135845
1541 97.05 1.8945345937495506
1542 97.1 1.9163787543619641
1543 97.15 1.9382384695094992
1544 97.2 1.9601137311816468
1545 97.25 1.982004531398642
1546 97.3 2.003910862211353
1547 97.35 2.0258327157011786
1548 97.4 2.047770083979977
1549 97.45 2.0697229591899355
1550 97.5 2.0916913335035017
1551 97.55 2.1136751991232763
1552 97.6 2.1356745482819357
1553 97.65 2.1576893732421083
1554 97.7 2.179719666296311
1555 97.75 2.201765419766836
1556 97.8 2.2238266260056716
1557 97.85 2.245903277394411
1558 97.9 2.2679953663441395
1559 97.95 2.2901028852953886
1560 98.0 2.3122258267180036
1561 98.05 2.334364183111059
1562 98.1 2.356517947002808
1563 98.15 2.378687110950541
1564 98.2 2.400871667540544
1565 98.25 2.423071609387961
1566 98.3 2.445286929136764
1567 98.35 2.4675176194596253
1568 98.4 2.489763673057848
1569 98.45 2.51202508266127
1570 98.5 2.5343018410282023
1571 98.55 2.556593940945315
1572 98.6 2.5789013752275647
1573 98.65 2.6012241367181237
1574 98.7 2.6235622182882743
1575 98.75 2.6459156128373396
1576 98.8 2.6682843132926104
1577 98.85 2.6906683126092434
1578 98.9 2.7130676037701806
1579 98.95 2.7354821797860893
1580 99.0 2.757912033695263
1581 99.05 2.7803571585635454
1582 99.1 2.802817547484255
1583 99.15 2.825293193578108
1584 99.2 2.847784089993118
1585 99.25 2.870290229904556
1586 99.3 2.892811606514834
1587 99.35 2.915348213053457
1588 99.4 2.9379000427769255
1589 99.45 2.9604670889686613
1590 99.5 2.9830493449389546
1591 99.55 3.0056468040248583
1592 99.6 3.028259459590131
1593 99.65 3.0508873050251477
1594 99.7 3.0735303337468385
1595 99.75 3.0961885391986197
1596 99.8 3.118861914850291
1597 99.85 3.141550454198
1598 99.9 3.1642541507641386
1599 99.95 3.186972998097281
1600 100.0 3.2097069897721204
1601 100.05 3.232456119389395
1602 100.1 3.2552203805757904
1603 100.15 3.2779997669839074
1604 100.2 3.3007942722921793
1605 100.25 3.3236038902047733
1606 100.3 3.3464286144515643
1607 100.35 3.3692684387880396
1608 100.4 3.3921233569952327
1609 100.45 3.414993362879656
1610 100.5 3.437878450273241
1611 100.55 3.46077861303325
1612 100.6 3.483693845042239
1613 100.65 3.5066241402079665
1614 100.7 3.5295694924633234
1615 100.75 3.5525298957662863
1616 100.8 3.57550534409984
1617 100.85 3.598495831471915
1618 100.9 3.621501351915314
1619 100.95 3.6445218994876685
1620 101.0 3.667557468271337
1621 101.05 3.6906080523733835
1622 101.1 3.71367364592548
1623 101.15 3.73675424308386
1624 101.2 3.759849838029253
1625 101.25 3.7829604249668085
1626 101.3 3.806085998126065
1627 101.35 3.8292265517608453
1628 101.4 3.852382080149233
1629 101.45 3.8755525775934863
1630 101.5 3.898738038419986
1631 101.55 3.921938456979166
1632 101.6 3.94515382764548
1633 101.65 3.9683841448172994
1634 101.7 3.9916294029168906
1635 101.75 4.014889596390331
1636 101.8 4.038164719707465
1637 101.85 4.061454767361826
1638 101.9 4.084759733870611
1639 101.95 4.108079613774576
1640 102.0 4.13141440163803
1641 102.05 4.154764092048737
1642 102.1 4.178128679617881
1643 102.15 4.201508158979995
1644 102.2 4.224902524792897
1645 102.25 4.248311771737673
1646 102.3 4.271735894518575
1647 102.35 4.295174887862995
1648 102.4 4.318628746521387
1649 102.45 4.342097465267229
1650 102.5 4.36558103889697
1651 102.55 4.389079462229953
1652 102.6 4.4125927301083925
1653 102.65 4.4361208373972945
1654 102.7 4.459663778984408
1655 102.75 4.483221549780175
1656 102.8 4.506794144717686
1657 102.85 4.530381558752622
1658 102.9 4.553983786863178
1659 102.95 4.577600824050044
1660 103.0 4.601232665336352
1661 103.05 4.624879305767583
1662 103.1 4.648540740411566
1663 103.15 4.672216964358416
1664 103.2 4.695907972720441
1665 103.25 4.719613760632153
1666 103.3 4.743334323250164
1667 103.35 4.767069655753172
1668 103.4 4.790819753341892
1669 103.45 4.814584611239033
1670 103.5 4.8383642246891885
1671 103.55 4.8621585889588745
1672 103.6 4.88596769933639
1673 103.65 4.909791551131845
1674 103.7 4.9336301396770725
1675 103.75 4.957483460325578
1676 103.8 4.981351508452515
1677 103.85 5.005234279454596
1678 103.9 5.029131768750115
1679 103.95 5.053043971778822
1680 104.0 5.0769708840019305
1681 104.05 5.1009125009020435
1682 104.1 5.1248688179831445
1683 104.15 5.148839830770488
1684 104.2 5.172825534810609
1685 104.25 5.196825925671262
1686 104.3 5.220840998941364
1687 104.35 5.244870750230971
1688 104.4 5.268915175171199
1689 104.45 5.29297426941422
1690 104.5 5.3170480286331845
1691 104.55 5.341136448522212
1692 104.6 5.365239524796313
1693 104.65 5.389357253191365
1694 104.7 5.413489629464051
1695 104.75 5.437636649391847
1696 104.8 5.46179830877295
1697 104.85 5.485974603426253
1698 104.9 5.510165529191294
1699 104.95 5.534371081928228
1700 105.0 5.558591257517763
1701 105.05 5.582826051861123
1702 105.1 5.607075460880021
1703 105.15 5.631339480516616
1704 105.2 5.655618106733458
1705 105.25 5.679911335513462
1706 105.3 5.704219162859851
1707 105.35 5.728541584796131
1708 105.4 5.752878597366049
1709 105.45 5.777230196633542
1710 105.5 5.801596378682708
1711 105.55 5.825977139617761
1712 105.6 5.85037247556301
1713 105.65 5.8747823826627865
1714 105.7 5.899206857081434
1715 105.75 5.923645895003249
1716 105.8 5.948099492632474
1717 105.85 5.972567646193224
1718 105.9 5.997050351929451
1719 105.95 6.0215476061049475
1720 106.0 6.046059405003259
1721 106.05 6.070585744927685
1722 106.1 6.095126622201202
1723 106.15 6.119682033166465
1724 106.2 6.144251974185761
1725 106.25 6.168836441640957
1726 106.3 6.193435431933475
1727 106.35 6.21804894148426
1728 106.4 6.242676966733736
1729 106.45 6.267319504141772
1730 106.5 6.291976550187671
1731 106.55 6.316648101370066
1732 106.6 6.341334154206978
1733 106.65 6.366034705235705
1734 106.7 6.390749751012833
1735 106.75 6.415479288114173
1736 106.8 6.4402233131347515
1737 106.85 6.464981822688757
1738 106.9 6.489754813409515
1739 106.95 6.5145422819494625
1740 107.0 6.539344224980088
1741 107.05 6.564160639191935
1742 107.1 6.588991521294538
1743 107.15 6.613836868016407
1744 107.2 6.638696676104967
1745 107.25 6.663570942326585
1746 107.3 6.688459663466468
1747 107.35 6.713362836328687
1748 107.4 6.738280457736114
1749 107.45 6.763212524530378
1750 107.5 6.788159033571897
1751 107.55 6.813119981739751
1752 107.6 6.8380953659317445
1753 107.65 6.863085183064315
1754 107.7 6.888089430072522
1755 107.75 6.913108103910018
1756 107.8 6.938141201549035
1757 107.85 6.963188719980289
1758 107.9 6.988250656213023
1759 107.95 7.013327007274972
1760 108.0 7.038417770212269
1761 108.05 7.063522942089487
1762 108.1 7.0886425199895795
1763 108.15 7.113776501013821
1764 108.2 7.138924882281854
1765 108.25 7.164087660931582
1766 108.3 7.189264834119197
1767 108.35 7.214456399019112
1768 108.4 7.239662352823954
1769 108.45 7.264882692744529
1770 108.5 7.290117416009805
1771 108.55 7.315366519866863
1772 108.6 7.340630001580897
1773 108.65 7.365907858435156
1774 108.7 7.391200087730935
1775 108.75 7.416506686787543
1776 108.8 7.441827652942297
1777 108.85 7.4671629835504465
1778 108.9 7.492512675985197
1779 108.95 7.517876727637668
1780 109.0 7.54325513591683
1781 109.05 7.568647898249534
1782 109.1 7.594055012080478
1783 109.15 7.619476474872128
1784 109.2 7.644912284104749
1785 109.25 7.670362437276349
1786 109.3 7.6958269319026895
1787 109.35 7.721305765517212
1788 109.4 7.746798935671037
1789 109.45 7.772306439932946
1790 109.5 7.797828275889344
1791 109.55 7.82336444114424
1792 109.6 7.848914933319226
1793 109.65 7.874479750053449
1794 109.7 7.900058889003596
1795 109.75 7.925652347843828
1796 109.8 7.951260124265846
1797 109.85 7.976882215978769
1798 109.9 8.002518620709159
1799 109.95 8.028169336201005
1800 110.0 8.053834360215648
1801 110.05 8.079513690531856
1802 110.1 8.10520732494571
1803 110.15 8.130915261270609
1804 110.2 8.156637497337252
1805 110.25 8.182374030993614
1806 110.3 8.208124860104949
1807 110.35 8.233889982553709
1808 110.4 8.259669396239577
1809 110.45 8.285463099079426
1810 110.5 8.311271089007287
1811 110.55 8.337093363974345
1812 110.6 8.362929921948904
1813 110.65 8.388780760916365
1814 110.7 8.414645878879229
1815 110.75 8.440525273857041
1816 110.8 8.466418943886405
1817 110.85 8.492326887020926
1818 110.9 8.518249101331202
1819 110.95 8.544185584904845
1820 111.0 8.570136335846396
1821 111.05 8.596101352277335
1822 111.1 8.622080632336097
1823 111.15 8.648074174177966
1824 111.2 8.674081975975135
1825 111.25 8.700104035916643
1826 111.3 8.726140352208375
1827 111.35 8.752190923073055
1828 111.4 8.77825574675019
1829 111.45 8.804334821496067
1830 111.5 8.830428145583754
1831 111.55 8.85653571730305
1832 111.6 8.882657534960485
1833 111.65 8.908793596879297
1834 111.7 8.93494390139943
1835 111.75 8.961108446877482
1836 111.8 8.987287231686716
1837 111.85 9.01348025421702
1838 111.9 9.039687512874924
1839 111.95 9.065909006083542
1840 112.0 9.092144732282566
1841 112.05 9.118394689928266
1842 112.1 9.144658877493459
1843 112.15 9.170937293467516
1844 112.2 9.197229936356269
1845 112.25 9.223536804682116
1846 112.3 9.249857896983896
1847 112.35 9.276193211816908
1848 112.4 9.302542747752925
1849 112.45 9.328906503380132
1850 112.5 9.35528447730316
1851 112.55 9.381676668143012
1852 112.6 9.408083074537089
1853 112.65 9.434503695139156
1854 112.7 9.460938528619334
1855 112.75 9.487387573664083
1856 112.8 9.513850828976201
1857 112.85 9.540328293274756
1858 112.9 9.566819965295142
1859 112.95 9.593325843789021
1860 113.0 9.619845927524317
1861 113.05 9.646380215285184
1862 113.1 9.67292870587205
1863 113.15 9.699491398101523
1864 113.2 9.726068290806422
1865 113.25 9.752659382835784
1866 113.3 9.7792646730548
1867 113.35 9.805884160344823
1868 113.4 9.832517843603352
1869 113.45 9.859165721744036
1870 113.5 9.885827793696627
1871 113.55 9.912504058406991
1872 113.6 9.939194514837101
1873 113.65 9.965899161964991
1874 113.7 9.992617998784773
1875 113.75 10.019351024306607
1876 113.8 10.046098237556713
1877 113.85 10.072859637577315
1878 113.9 10.099635223426665
1879 113.95 10.126424994179029
1880 114.0 10.15322894892466
1881 114.05 10.180047086769774
1882 114.1 10.206879406836556
1883 114.15 10.233725908263171
1884 114.2 10.260586590203708
1885 114.25 10.28746145182819
1886 114.3 10.314350492322562
1887 114.35 10.341253710888672
1888 114.4 10.36817110674426
1889 114.45 10.395102679122967
1890 114.5 10.422048427274305
1891 114.55 10.449008350463636
1892 114.6 10.475982447972177
1893 114.65 10.502970719097002
1894 114.7 10.529973163150999
1895 114.75 10.556989779462889
1896 114.8 10.584020567377175
1897 114.85 10.611065526254198
1898 114.9 10.638124655470058
1899 114.95 10.665197954416637
1900 115.0 10.692285422501602
1901 115.05 10.719387059148351
1902 115.1 10.746502863796062
1903 115.15 10.773632835899626
1904 115.2 10.800776974929668
1905 115.25 10.827935280372545
1906 115.3 10.85510775173031
1907 115.35 10.882294388520732
1908 115.4 10.90949519027726
1909 115.45 10.93671015654902
1910 115.5 10.963939286900825
1911 115.55 10.991182580913147
1912 115.6 11.018440038182113
1913 115.65 11.045711658319512
1914 115.7 11.072997440952745
1915 115.75 11.100297385724872
1916 115.8 11.127611492294557
1917 115.85 11.154939760336067
1918 115.9 11.182282189539313
1919 115.95 11.209638779609778
1920 116.0 11.237009530268532
1921 116.05 11.264394441252245
1922 116.1 11.29179351231314
1923 116.15 11.319206743219025
1924 116.2 11.346634133753282
1925 116.25 11.374075683714805
1926 116.3 11.401531392918068
1927 116.35 11.429001261193072
1928 116.4 11.456485288385348
1929 116.45 11.483983474355947
1930 116.5 11.511495818981452
1931 116.55 11.539022322153949
1932 116.6 11.566562983781036
1933 116.65 11.594117803785794
1934 116.7 11.621686782106824
1935 116.75 11.649269918698177
1936 116.8 11.676867213529414
1937 116.85 11.704478666585553
1938 116.9 11.73210427786709
1939 116.95 11.759744047389974
1940 117.0 11.787397975185629
1941 117.05 11.815066061300904
1942 117.1 11.842748305798118
1943 117.15 11.870444708755006
1944 117.2 11.898155270264757
1945 117.25 11.925879990435996
1946 117.3 11.953618869392743
1947 117.35 11.98137190727447
1948 117.4 12.009139104236045
1949 117.45 12.036920460447753
1950 117.5 12.064715976095284
1951 117.55 12.092525651379727
1952 117.6 12.120349486517572
1953 117.65 12.1481874817407
1954 117.7 12.176039637296377
1955 117.75 12.203905953447258
1956 117.8 12.231786430471375
1957 117.85 12.25968106866215
1958 117.9 12.287589868328363
1959 117.95 12.315512829794148
1960 118.0 12.343449953399045
1961 118.05 12.371401239497922
1962 118.1 12.399366688461026
1963 118.15 12.42734630067395
1964 118.2 12.455340076537643
1965 118.25 12.48334801646839
1966 118.3 12.51137012089784
1967 118.35 12.53940639027298
1968 118.4 12.567456825056135
1969 118.45 12.595521425724975
1970 118.5 12.623600192772486
1971 118.55 12.651693126707
1972 118.6 12.679800228052182
1973 118.65 12.70792149734704
1974 118.7 12.736056935145884
1975 118.75 12.764206542018345
1976 118.8 12.7923703185494
1977 118.85 12.82054826533932
1978 118.9 12.848740383003737
1979 118.95 12.876946672173553
1980 119.0 12.90516713349501
1981 119.05 12.933401767629654
1982 119.1 12.961650575254353
1983 119.15 12.989913557061291
1984 119.2 13.01819071375795
1985 119.25 13.046482046067132
1986 119.3 13.074787554726932
1987 119.35 13.103107240490777
1988 119.4 13.131441104127381
1989 119.45 13.159789146420783
1990 119.5 13.18815136817029
1991 119.55 13.216527770190567
1992 119.6 13.244918353311546
1993 119.65 13.27332311837849
1994 119.7 13.301742066251947
1995 119.75 13.330175197807783
1996 119.8 13.358622513937172
1997 119.85 13.387084015546572
1998 119.9 13.415559703557761
1999 119.95 13.44404957890783
2000 120.0 13.472553642549164
2001 120.05 13.501071895449462
2002 120.1 13.529604338591726
2003 120.15 13.55815097297429
2004 120.2 13.586711799610764
2005 120.25 13.615286819530075
2006 120.3 13.643876033776486
2007 120.35 13.672479443409545
2008 120.4 13.701097049504131
2009 120.45 13.729728853150439
2010 120.5 13.758374855453972
2011 120.55 13.787035057535565
2012 120.6 13.815709460531362
2013 120.65 13.844398065592818
2014 120.7 13.873100873886736
2015 120.75 13.901817886595241
2016 120.8 13.930549104915785
2017 120.85 13.959294530061129
2018 120.9 13.988054163259397
2019 120.95 14.016828005754029
2020 121.0 14.04561605880382
2021 121.05 14.074418323682892
2022 121.1 14.103234801680712
2023 121.15 14.132065494102099
2024 121.2 14.160910402267204
2025 121.25 14.189769527511556
2026 121.3 14.218642871186029
2027 121.35 14.247530434656843
2028 121.4 14.276432219305596
2029 121.45 14.305348226529224
2030 121.5 14.334278457740071
2031 121.55 14.36322291436583
2032 121.6 14.392181597849566
2033 121.65 14.421154509649723
2034 121.7 14.450141651240143
2035 121.75 14.479143024110037
2036 121.8 14.508158629764042
2037 121.85 14.537188469722153
2038 121.9 14.566232545519785
2039 121.95 14.59529085870774
2040 122.0 14.624363410852249
2041 122.05 14.653450203534938
2042 122.1 14.682551238352866
2043 122.15 14.711666516918513
2044 122.2 14.740796040859783
2045 122.25 14.769939811820016
2046 122.3 14.799097831457997
2047 122.35 14.828270101447924
2048 122.4 14.857456623479488
2049 122.45 14.886657399257789
2050 122.5 14.915872430503427
2051 122.55 14.945101718952445
2052 122.6 14.974345266356345
2053 122.65 15.003603074482145
2054 122.7 15.032875145112296
2055 122.75 15.06216148004479
2056 122.8 15.091462081093063
2057 122.85 15.120776950086093
2058 122.9 15.150106088868347
2059 122.95 15.179449499299803
2060 123.0 15.20880718325596
2061 123.05 15.23817914262784
2062 123.1 15.267565379322015
2063 123.15 15.296965895260593
2064 123.2 15.326380692381214
2065 123.25 15.355809772637073
2066 123.3 15.385253137996965
2067 123.35 15.41471079044519
2068 123.4 15.444182731981671
2069 123.45 15.47366896462191
2070 123.5 15.50316949039698
2071 123.55 15.532684311353556
2072 123.6 15.562213429553937
2073 123.65 15.591756847076024
2074 123.7 15.621314566013334
2075 123.75 15.650886588475025
2076 123.8 15.680472916585884
2077 123.85 15.710073552486353
2078 123.9 15.739688498332516
2079 123.95 15.76931775629615
2080 124.0 15.798961328564666
2081 124.05 15.828619217341165
2082 124.1 15.85829142484446
2083 124.15 15.887977953309026
2084 124.2 15.917678804985073
2085 124.25 15.947393982138529
2086 124.3 15.977123487051026
2087 124.35 16.00686732201995
2088 124.4 16.03662548935841
2089 124.45 16.066397991395288
2090 124.5 16.0961848304752
2091 124.55 16.125986008958574
2092 124.6 16.15580152922159
2093 124.65 16.185631393656237
2094 124.7 16.21547560467028
2095 124.75 16.24533416468734
2096 124.8 16.27520707614682
2097 124.85 16.305094341503978
2098 124.9 16.33499596322991
2099 124.95 16.364911943811553
2100 125.0 16.39484228575172
2101 125.05 16.424786991569125
2102 125.1 16.454746063798293
2103 125.15 16.484719504989723
2104 125.2 16.514707317709785
2105 125.25 16.544709504540773
2106 125.3 16.574726068080903
2107 125.35 16.604757010944358
2108 125.4 16.63480233576124
2109 125.45 16.664862045177646
2110 125.5 16.694936141855614
2111 125.55 16.725024628473204
2112 125.6 16.755127507724456
2113 125.65 16.785244782319424
2114 125.7 16.815376454984197
2115 125.75 16.845522528460883
2116 125.8 16.875683005507668
2117 125.85 16.905857888898762
2118 125.9 16.93604718142446
2119 125.95 16.966250885891128
2120 126.0 16.996469005121266
2121 126.05 17.02670154195347
2122 126.1 17.05694849924247
2123 126.15 17.087209879859085
2124 126.2 17.11748568669034
2125 126.25 17.1477759226394
2126 126.3 17.178080590625612
2127 126.35 17.208399693584507
2128 126.4 17.238733234467826
2129 126.45 17.269081216243528
2130 126.5 17.299443641895802
2131 126.55 17.32982051442507
2132 126.6 17.360211836848034
2133 126.65 17.390617612197666
2134 126.7 17.421037843523216
2135 126.75 17.45147253389022
2136 126.8 17.481921686380588
2137 126.85 17.512385304092483
2138 126.9 17.542863390140486
2139 126.95 17.573355947655507
2140 127.0 17.60386297978481
2141 127.05 17.63438448969208
2142 127.1 17.664920480557416
2143 127.15 17.6954709555773
2144 127.2 17.726035917964687
2145 127.25 17.756615370948946
2146 127.3 17.787209317775957
2147 127.35 17.81781776170804
2148 127.4 17.848440706024057
2149 127.45 17.87907815401935
2150 127.5 17.909730109005807
2151 127.55 17.94039657431187
2152 127.6 17.97107755328251
2153 127.65 18.00177304927931
2154 127.7 18.03248306568045
2155 127.75 18.063207605880685
2156 127.8 18.09394667329146
2157 127.85 18.124700271340817
2158 127.9 18.15546840347346
2159 127.95 18.186251073150817
2160 128.0 18.21704828385097
2161 128.05 18.24786003906873
2162 128.1 18.27868634231566
2163 128.15 18.30952719712003
2164 128.2 18.340382607026918
2165 128.25 18.37125257559814
2166 128.3 18.402137106412358
2167 128.35 18.433036203065036
2168 128.4 18.4639498691685
2169 128.45 18.494878108351887
2170 128.5 18.525820924261243
2171 128.55 18.55677832055949
2172 128.6 18.587750300926484
2173 128.65 18.618736869059006
2174 128.7 18.64973802867075
2175 128.75 18.680753783492424
2176 128.8 18.71178413727169
2177 128.85 18.74282909377325
2178 128.9 18.773888656778805
2179 128.95 18.804962830087128
2180 129.0 18.836051617514034
2181 129.05 18.867155022892433
2182 129.1 18.8982730500723
2183 129.15 18.9294057029208
2184 129.2 18.960552985322213
2185 129.25 18.99171490117797
2186 129.3 19.0228914544067
2187 129.35 19.054082648944227
2188 129.4 19.085288488743604
2189 129.45 19.116508977775137
2190 129.5 19.147744120026395
2191 129.55 19.17899391950225
2192 129.6 19.210258380224836
2193 129.65 19.241537506233655
2194 129.7 19.272831301585565
2195 129.75 19.304139770354773
2196 129.8 19.335462916632885
2197 129.85 19.366800744528916
2198 129.9 19.398153258169348
2199 129.95 19.429520461698097
2200 130.0 19.460902359276545
2201 130.05 19.492298955083616
2202 130.1 19.52371025331572
2203 130.15 19.555136258186835
2204 130.2 19.586576973928512
2205 130.25 19.61803240478989
2206 130.3 19.649502555037714
2207 130.35 19.68098742895638
2208 130.4 19.712487030847935
2209 130.45 19.74400136503212
2210 130.5 19.775530435846377
2211 130.55 19.80707424764587
2212 130.6 19.838632804803527
2213 130.65 19.870206111710065
2214 130.7 19.901794172773982
2215 130.75 19.933396992421606
2216 130.8 19.965014575097133
2217 130.85 19.996646925262603
2218 130.9 20.02829404739797
2219 130.95 20.05995594600112
2220 131.0 20.091632625587874
2221 131.05 20.123324090692027
2222 131.1 20.155030345865356
2223 131.15 20.186751395677692
2224 131.2 20.218487244716872
2225 131.25 20.250237897588846
2226 131.3 20.28200335891763
2227 131.35 20.313783633345395
2228 131.4 20.34557872553242
2229 131.45 20.377388640157196
2230 131.5 20.409213381916384
2231 131.55 20.441052955524885
2232 131.6 20.47290736571584
2233 131.65 20.50477661724069
2234 131.7 20.536660714869157
2235 131.75 20.568559663389333
2236 131.8 20.60047346760763
2237 131.85 20.63240213234886
2238 131.9 20.664345662456242
2239 131.95 20.696304062791434
2240 132.0 20.728277338234573
2241 132.05 20.76026549368428
2242 132.1 20.792268534057698
2243 132.15 20.82428646429053
2244 132.2 20.856319289337048
2245 132.25 20.888367014170107
2246 132.3 20.920429643781237
2247 132.35 20.952507183180607
2248 132.4 20.984599637397075
2249 132.45 21.01670701147822
2250 132.5 21.048829310490383
2251 132.55 21.08096653951866
2252 132.6 21.11311870366696
2253 132.65 21.145285808058034
2254 132.7 21.1774678578335
2255 132.75 21.209664858153854
2256 132.8 21.24187681419852
2257 132.85 21.27410373116588
2258 132.9 21.3063456142733
2259 132.95 21.338602468757145
2260 133.0 21.370874299872828
2261 133.05 21.40316111289485
2262 133.1 21.435462913116805
2263 133.15 21.467779705851427
2264 133.2 21.500111496430605
2265 133.25 21.532458290205426
2266 133.3 21.564820092546235
2267 133.35 21.597196908842573
2268 133.4 21.629588744503316
2269 133.45 21.661995604956676
2270 133.5 21.694417495650168
2271 133.55 21.72685442205074
2272 133.6 21.75930638964474
2273 133.65 21.791773403937952
2274 133.7 21.82425547045564
2275 133.75 21.856752594742616
2276 133.8 21.889264782363217
2277 133.85 21.921792038901355
2278 133.9 21.954334369960574
2279 133.95 21.986891781164026
2280 134.0 22.019464278154576
2281 134.05 22.052051866594823
2282 134.1 22.084654552167052
2283 134.15 22.117272340573376
2284 134.2 22.14990523753569
2285 134.25 22.182553248795763
2286 134.3 22.215216380115265
2287 134.35 22.24789463727573
2288 134.4 22.28058802607866
2289 134.45 22.313296552345562
2290 134.5 22.346020221917954
2291 134.55 22.378759040657418
2292 134.6 22.411513014445617
2293 134.65 22.444282149184346
2294 134.7 22.477066450795565
2295 134.75 22.509865925221426
2296 134.8 22.542680578424328
2297 134.85 22.575510416386933
2298 134.9 22.608355445112213
2299 134.95 22.641215670623478
2300 135.0 22.67409109896441
2301 135.05 22.706981736199115
2302 135.1 22.73988758841218
2303 135.15 22.772808661708652
2304 135.2 22.80574496221411
2305 135.25 22.83869649607472
2306 135.3 22.871663269457198
2307 135.35 22.904645288548966
2308 135.4 22.937642559558096
2309 135.45 22.97065508871336
2310 135.5 23.003682882264318
2311 135.55 23.036725946481308
2312 135.6 23.06978428765551
2313 135.65 23.10285791209899
2314 135.7 23.135946826144675
2315 135.75 23.169051036146477
2316 135.8 23.20217054847932
2317 135.85 23.235305369539102
2318 135.9 23.268455505742853
2319 135.95 23.301620963528666
2320 136.0 23.334801749355798
2321 136.05 23.367997869704688
2322 136.1 23.401209331077034
2323 136.15 23.43443613999578
2324 136.2 23.467678303005172
2325 136.25 23.500935826670844
2326 136.3 23.5342087175798
2327 136.35 23.567496982340497
2328 136.4 23.600800627582846
2329 136.45 23.634119659958294
2330 136.5 23.667454086139863
2331 136.55 23.700803912822153
2332 136.6 23.734169146721428
2333 136.65 23.767549794575636
2334 136.7 23.80094586314445
2335 136.75 23.83435735920934
2336 136.8 23.867784289573564
2337 136.85 23.901226661062257
2338 136.9 23.93468448052247
2339 136.95 23.968157754823192
2340 137.0 24.00164649085541
2341 137.05 24.035150695532135
2342 137.1 24.0686703757885
2343 137.15 24.10220553858171
2344 137.2 24.13575619089118
2345 137.25 24.169322339718533
2346 137.3 24.202903992087638
2347 137.35 24.23650115504469
2348 137.4 24.270113835658243
2349 137.45 24.303742041019234
2350 137.5 24.337385778241053
2351 137.55 24.37104505445957
2352 137.6 24.404719876833223
2353 137.65 24.438410252542973
2354 137.7 24.472116188792477
2355 137.75 24.50583769280805
2356 137.8 24.53957477183874
2357 137.85 24.573327433156344
2358 137.9 24.60709568405548
2359 137.95 24.640879531853667
2360 138.0 24.674678983891337
2361 138.05 24.708494047531833
2362 138.1 24.742324730161588
2363 138.15 24.776171039190054
2364 138.2 24.81003298204983
2365 138.25 24.84391056619662
2366 138.3 24.877803799109376
2367 138.35 24.911712688290336
2368 138.4 24.94563724126499
2369 138.45 24.979577465582246
2370 138.5 25.013533368814386
2371 138.55 25.047504958557155
2372 138.6 25.08149224242982
2373 138.65 25.11549522807524
2374 138.7 25.14951392315985
2375 138.75 25.18354833537376
2376 138.8 25.217598472430808
2377 138.85 25.251664342068576
2378 138.9 25.28574595204854
2379 138.95 25.319843310155974
2380 139.0 25.353956424200117
2381 139.05 25.388085302014176
2382 139.1 25.422229951455403
2383 139.15 25.456390380405136
2384 139.2 25.490566596768844
2385 139.25 25.524758608476212
2386 139.3 25.558966423481163
2387 139.35 25.593190049761905
2388 139.4 25.62742949532103
2389 139.45 25.661684768185534
2390 139.5 25.6959558764069
2391 139.55 25.730242828061098
2392 139.6 25.764545631248698
2393 139.65 25.798864294094923
2394 139.7 25.833198824749662
2395 139.75 25.86754923138756
2396 139.8 25.90191552220805
2397 139.85 25.936297705435468
2398 139.9 25.97069578931903
2399 139.95 26.005109782132937
2400 140.0 26.039539692176433
2401 140.05 26.073985527773843
2402 140.1 26.108447297274655
2403 140.15 26.14292500905355
2404 140.2 26.17741867151047
2405 140.25 26.21192829307072
2406 140.3 26.24645388218494
2407 140.35 26.280995447329243
2408 140.4 26.31555299700524
2409 140.45 26.350126539740113
2410 140.5 26.384716084086644
2411 140.55 26.419321638623337
2412 140.6 26.453943211954407
2413 140.65 26.488580812709902
2414 140.7 26.523234449545715
2415 140.75 26.557904131143676
2416 140.8 26.59258986621161
2417 140.85 26.627291663483415
2418 140.9 26.662009531719065
2419 140.95 26.696743479704736
2420 141.0 26.731493516252826
2421 141.05 26.76625965020207
2422 141.1 26.80104189041753
2423 141.15 26.835840245790745
2424 141.2 26.87065472523974
2425 141.25 26.90548533770906
2426 141.3 26.94033209216993
2427 141.35 26.97519499762022
2428 141.4 27.010074063084595
2429 141.45 27.044969297614504
2430 141.5 27.07988071028832
2431 141.55 27.114808310211348
2432 141.6 27.149752106515916
2433 141.65 27.184712108361417
2434 141.7 27.219688324934445
2435 141.75 27.2546807654488
2436 141.8 27.28968943914543
2437 141.85 27.324714355292965
2438 141.9 27.359755523187165
2439 141.95 27.394812952151366
2440 142.0 27.429886651536513
2441 142.05 27.464976630721157
2442 142.1 27.50008289911153
2443 142.15 27.53520546614163
2444 142.2 27.57034434127334
2445 142.25 27.605499533996415
2446 142.3 27.64067105382861
2447 142.35 27.675858910315714
2448 142.4 27.71106311303167
2449 142.45 27.746283671578606
2450 142.5 27.781520595586894
2451 142.55 27.81677389471528
2452 142.6 27.852043578650903
2453 142.65 27.887329657109387
2454 142.7 27.92263213983491
2455 142.75 27.95795103660033
2456 142.8 27.993286357207147
2457 142.85 28.028638111485666
2458 142.9 28.06400630929506
2459 142.95 28.099390960523426
2460 143.0 28.134792075087894
2461 143.05 28.170209662934614
2462 143.1 28.205643734038947
2463 143.15 28.241094298405443
2464 143.2 28.27656136606802
2465 143.25 28.31204494708993
2466 143.3 28.347545051563944
2467 143.35 28.383061689612322
2468 143.4 28.418594871386972
2469 143.45 28.4541446070695
2470 143.5 28.48971090687129
2471 143.55 28.52529378103358
2472 143.6 28.560893239827536
2473 143.65 28.59650929355437
2474 143.7 28.63214195254536
2475 143.75 28.66779122716197
2476 143.8 28.70345712779594
2477 143.85 28.73913966486933
2478 143.9 28.774838848834627
2479 143.95 28.81055469017481
2480 144.0 28.84628719940348
2481 144.05 28.882036387064872
2482 144.1 28.917802263733982
2483 144.15 28.95358484001664
2484 144.2 28.9893841265496
2485 144.25 29.025200134000617
2486 144.3 29.061032873068527
2487 144.35 29.096882354483373
2488 144.4 29.13274858900641
2489 144.45 29.168631587430266
2490 144.5 29.204531360579004
2491 144.55 29.240447919308178
2492 144.6 29.276381274504967
2493 144.65 29.31233143708825
2494 144.7 29.348298418008635
2495 144.75 29.384282228248694
2496 144.8 29.420282878822867
2497 144.85 29.456300380777694
2498 144.9 29.4923347451918
2499 144.95 29.52838598317606
2500 145.0 29.564454105873704
2501 145.05 29.600539124460294
2502 145.1 29.636641050143954
2503 145.15 29.672759894165363
2504 145.2 29.70889566779789
2505 145.25 29.745048382347665
2506 145.3 29.781218049153708
2507 145.35 29.817404679587977
2508 145.4 29.853608285055486
2509 145.45 29.889828876994414
2510 145.5 29.926066466876158
2511 145.55 29.962321066205455
2512 145.6 29.998592686520478
2513 145.65 30.03488133939292
2514 145.7 30.07118703642813
2515 145.75 30.10750978926514
2516 145.8 30.14384960957683
2517 145.85 30.18020650906994
2518 145.9 30.216580499485296
2519 145.95 30.252971592597778
2520 146.0 30.289379800216498
2521 146.05 30.325805134184883
2522 146.1 30.36224760638078
2523 146.15 30.398707228716518
2524 146.2 30.43518401313906
2525 146.25 30.47167797163008
2526 146.3 30.508189116206033
2527 146.35 30.54471745891834
2528 146.4 30.581263011853398
2529 146.45 30.617825787132755
2530 146.5 30.654405796913174
2531 146.55 30.691003053386748
2532 146.6 30.727617568781007
2533 146.65 30.764249355359027
2534 146.7 30.800898425419508
2535 146.75 30.83756479129693
2536 146.8 30.874248465361603
2537 146.85 30.910949460019815
2538 146.9 30.94766778771394
2539 146.95 30.984403460922515
2540 147.0 31.02115649216036
2541 147.05 31.05792689397872
2542 147.1 31.094714678965325
2543 147.15 31.13151985974454
2544 147.2 31.168342448977434
2545 147.25 31.205182459361957
2546 147.3 31.242039903632975
2547 147.35 31.27891479456243
2548 147.4 31.315807144959447
2549 147.45 31.352716967670425
2550 147.5 31.389644275579183
2551 147.55 31.426589081607045
2552 147.6 31.46355139871299
2553 147.65 31.500531239893725
2554 147.7 31.537528618183842
2555 147.75 31.57454354665589
2556 147.8 31.61157603842054
2557 147.85 31.648626106626665
2558 147.9 31.685693764461462
2559 147.95 31.722779025150597
2560 148.0 31.759881901958305
2561 148.05 31.797002408187527
2562 148.1 31.834140557179985
2563 148.15 31.871296362316386
2564 148.2 31.90846983701645
2565 148.25 31.945660994739065
2566 148.3 31.982869848982485
2567 148.35 32.020096413284314
2568 148.4 32.05734070122173
2569 148.45 32.09460272641162
2570 148.5 32.13188250251062
2571 148.55 32.1691800432153
2572 148.6 32.206495362262295
2573 148.65 32.24382847342844
2574 148.7 32.28117939053082
2575 148.75 32.318548127426986
2576 148.8 32.35593469801504
2577 148.85 32.39333911623379
2578 148.9 32.43076139606284
2579 148.95 32.468201551522796
2580 149.0 32.505659596675265
2581 149.05 32.54313554562317
2582 149.1 32.58062941251072
2583 149.15 32.6181412115236
2584 149.2 32.655670956889146
2585 149.25 32.6932186628764
2586 149.3 32.730784343796344
2587 149.35 32.768368014001965
2588 149.4 32.80596968788838
2589 149.45 32.84358937989301
2590 149.5 32.88122710449573
2591 149.55 32.91888287621898
2592 149.6 32.9565567096279
2593 149.65 32.9942486193305
2594 149.7 33.03195861997774
2595 149.75 33.06968672626377
2596 149.8 33.10743295292597
2597 149.85 33.14519731474516
2598 149.9 33.18297982654572
2599 149.95 33.22078050319571
2600 150.0 33.258599359607096
2601 150.05 33.29643641073579
2602 150.1 33.33429167158186
2603 150.15 33.37216515718966
2604 150.2 33.41005688264799
2605 150.25 33.44796686309023
2606 150.3 33.48589511369449
2607 150.35 33.52384164968377
2608 150.4 33.56180648632609
2609 150.45 33.59978963893469
2610 150.5 33.63779112286811
2611 150.55 33.675810953530416
2612 150.6 33.71384914637129
2613 150.65 33.75190571688623
2614 150.7 33.78998068061668
2615 150.75 33.8280740531502
2616 150.8 33.86618585012064
2617 150.85 33.90431608720822
2618 150.9 33.9424647801398
2619 150.95 33.98063194468894
2620 151.0 34.018817596676115
2621 151.05 34.05702175196888
2622 151.1 34.095244426482004
2623 151.15 34.133485636177646
2624 151.2 34.171745397065514
2625 151.25 34.21002372520304
2626 151.3 34.24832063669549
2627 151.35 34.28663614769624
2628 151.4 34.324970274406844
2629 151.45 34.36332303307723
2630 151.5 34.40169444000588
2631 151.55 34.44008451154
2632 151.6 34.478493264075674
2633 151.65 34.51692071405805
2634 151.7 34.55536687798149
2635 151.75 34.593831772389784
2636 151.8 34.63231541387628
2637 151.85 34.67081781908405
2638 151.9 34.70933900470613
2639 151.95 34.74787898748565
2640 152.0 34.78643778421602
2641 152.05 34.82501541174108
2642 152.1 34.8636118869553
2643 152.15 34.902227226804
2644 152.2 34.94086144828348
2645 152.25 34.97951456844122
2646 152.3 35.018186604376034
2647 152.35 35.05687757323831
2648 152.4 35.09558749223014
2649 152.45 35.13431637860554
2650 152.5 35.173064249670624
2651 152.55 35.21183112278379
2652 152.6 35.2506170153559
2653 152.65 35.289421944850496
2654 152.7 35.32824592878396
2655 152.75 35.367088984725726
2656 152.8 35.40595113029846
2657 152.85 35.44483238317827
2658 152.9 35.48373276109488
2659 152.95 35.52265228183182
2660 153.0 35.56159096322665
2661 153.05 35.600548823171145
2662 153.1 35.6395258796115
2663 153.15 35.6785221505485
2664 153.2 35.717537654037784
2665 153.25 35.75657240818992
2666 153.3 35.795626431170795
2667 153.35 35.83469974120162
2668 153.4 35.87379235655929
2669 153.45 35.91290429557653
2670 153.5 35.952035576642075
2671 153.55 35.9911862182009
2672 153.6 36.03035623875447
2673 153.65 36.06954565686089
2674 153.7 36.10875449113514
2675 153.75 36.14798276024927
2676 153.8 36.18723048293269
2677 153.85 36.226497677972276
2678 153.9 36.26578436421264
2679 153.95 36.30509056055636
2680 154.0 36.344416285964144
2681 154.05 36.38376155945516
2682 154.1 36.4231264001071
2683 154.15 36.462510827056555
2684 154.2 36.50191485949911
2685 154.25 36.54133851668964
2686 154.3 36.580781817942565
2687 154.35 36.62024478263197
2688 154.4 36.65972743019195
2689 154.45 36.69922978011675
2690 154.5 36.73875185196102
2691 154.55 36.778293665340094
2692 154.6 36.817855239930154
2693 154.65 36.85743659546849
2694 154.7 36.89703775175378
2695 154.75 36.93665872864624
2696 154.8 36.97629954606796
2697 154.85 37.01596022400305
2698 154.9 37.055640782497925
2699 154.95 37.095341241661565
2700 155.0 37.1350616216657
2701 155.05 37.17480194274514
2702 155.1 37.21456222519794
2703 155.15 37.25434248938569
2704 155.2 37.294142755733745
2705 155.25 37.333963044731505
2706 155.3 37.373803376932614
2707 155.35 37.413663772955246
2708 155.4 37.453544253482384
2709 155.45 37.49344483926202
2710 155.5 37.53336555110744
2711 155.55 37.5733064098975
2712 155.6 37.61326743657684
2713 155.65 37.65324865215621
2714 155.7 37.693250077712655
2715 155.75 37.73327173438983
2716 155.8 37.773313643398275
2717 155.85 37.81337582601565
2718 155.9 37.85345830358701
2719 155.95 37.89356109752507
2720 156.0 37.93368422931052
2721 156.05 37.973827720492224
2722 156.1 38.01399159268756
2723 156.15 38.05417586758267
2724 156.2 38.094380566932756
2725 156.25 38.134605712562305
2726 156.3 38.174851326365435
2727 156.35 38.21511743030613
2728 156.4 38.25540404641856
2729 156.45 38.29571119680737
2730 156.5 38.33603890364791
2731 156.55 38.376387189186595
2732 156.6 38.41675607574113
2733 156.65 38.45714558570084
2734 156.7 38.497555741527016
2735 156.75 38.537986565753094
2736 156.8 38.57843808098504
2737 156.85 38.61891030990158
2738 156.9 38.65940327525462
2739 156.95 38.699916999869394
2740 157.0 38.740451506644895
2741 157.05 38.78100681855412
2742 157.1 38.82158295864438
2743 157.15 38.86217995003761
2744 157.2 38.9027978159307
2745 157.25 38.94343657959582
2746 157.3 38.98409626438069
2747 157.35 39.02477689370892
2748 157.4 39.06547849108034
2749 157.45 39.1062010800713
2750 157.5 39.14694468433499
2751 157.55 39.18770932760178
2752 157.6 39.22849503367957
2753 157.65 39.26930182645406
2754 157.7 39.31012972988911
2755 157.75 39.35097876802708
2756 157.8 39.39184896498919
2757 157.85 39.43274034497576
2758 157.9 39.47365293226663
2759 157.95 39.514586751221515
2760 158.0 39.55554182628028
2761 158.05 39.59651818196332
2762 158.1 39.6375158428719
2763 158.15 39.67853483368853
2764 158.2 39.719575179177255
2765 158.25 39.76063690418406
2766 158.3 39.8017200336372
2767 158.35 39.84282459254757
2768 158.4 39.88395060600907
2769 158.45 39.92509809919892
2770 158.5 39.966267097378086
2771 158.55 40.00745762589159
2772 158.6 40.04866971016893
2773 158.65 40.0899033757244
2774 158.7 40.13115864815749
2775 158.75 40.17243555315326
2776 158.8 40.21373411648271
2777 158.85 40.255054364003136
2778 158.9 40.29639632165856
2779 158.95 40.33776001548007
2780 159.0 40.37914547158624
2781 159.05 40.42055271618349
2782 159.1 40.46198177556647
2783 159.15 40.50343267611849
2784 159.2 40.544905444311915
2785 159.25 40.586400106708496
2786 159.3 40.62791668995981
2787 159.35 40.669455220807734
2788 159.4 40.71101572608473
2789 159.45 40.75259823271431
2790 159.5 40.79420276771147
2791 159.55 40.83582935818305
2792 159.6 40.87747803132818
2793 159.65 40.91914881443869
2794 159.7 40.960841734899546
2795 159.75 41.002556820189234
2796 159.8 41.044294097880204
2797 159.85 41.086053595639335
2798 159.9 41.12783534122834
2799 159.95 41.16963936250416
2800 160.0 41.21146568741944
2801 160.05 41.25331434402299
2802 160.1 41.29518536046017
2803 160.15 41.337078764973384
2804 160.2 41.3789945859025
2805 160.25 41.42093285168529
2806 160.3 41.462893590857924
2807 160.35 41.50487683205539
2808 160.4 41.54688260401198
2809 160.45 41.588910935561714
2810 160.5 41.63096185563884
2811 160.55 41.67303539327827
2812 160.6 41.7151315776161
2813 160.65 41.757250437890036
2814 160.7 41.799392003439884
2815 160.75 41.84155630370805
2816 160.8 41.88374336823999
2817 160.85 41.92595322668471
2818 160.9 41.96818590879527
2819 160.95 42.01044144442924
2820 161.0 42.05271986354924
2821 161.05 42.09502119622343
2822 161.1 42.13734547262597
2823 161.15 42.17969272303755
2824 161.2 42.22206297784594
2825 161.25 42.26445626754642
2826 161.3 42.30687262274238
2827 161.35 42.349312074145764
2828 161.4 42.391774652577645
2829 161.45 42.434260388968724
2830 161.5 42.476769314359856
2831 161.55 42.519301459902614
2832 161.6 42.561856856859784
2833 161.65 42.604435536605926
2834 161.7 42.64703753062792
2835 161.75 42.6896628705255
2836 161.8 42.73231158801182
2837 161.85 42.77498371491397
2838 161.9 42.81767928317359
2839 161.95 42.86039832484739
2840 162.0 42.90314087210771
2841 162.05 42.945906957243146
2842 162.1 42.98869661265905
2843 162.15 43.03150987087814
2844 162.2 43.07434676454109
2845 162.25 43.11720732640708
2846 162.3 43.16009158935446
2847 162.35 43.20299958638121
2848 162.4 43.24593135060567
2849 162.45 43.288886915267064
2850 162.5 43.331866313726124
2851 162.55 43.37486957946572
2852 162.6 43.41789674609143
2853 162.65 43.46094784733217
2854 162.7 43.50402291704084
2855 162.75 43.547121989194935
2856 162.8 43.59024509789713
2857 162.85 43.633421931172435
2858 162.9 43.69212331832882
2859 162.95 43.75081631022153
2860 163.0 43.80950090685057
2861 163.05 43.86817710821594
2862 163.1 43.926844914317634
2863 163.15 43.98550432515566
2864 163.2 44.044155340730015
2865 163.25 44.1027979610407
2866 163.3 44.16143218608771
2867 163.35 44.220058015871125
2868 163.4 44.27867545039079
2869 163.45 44.33728448964679
2870 163.5 44.39588513363912
2871 163.55 44.45447738236778
2872 163.6 44.51306123583276
2873 163.65 44.57163669403407
2874 163.7 44.63020375697179
2875 163.75 44.68876242464576
2876 163.8 44.74731269705606
2877 163.85 44.805854574202684
2878 163.9 44.86438805608564
2879 163.95 44.922913142705
2880 164.0 44.98142983406061
2881 164.05 45.03993813015256
2882 164.1 45.09843803098082
2883 164.15 45.15692953654542
2884 164.2 45.215412646846424
2885 164.25 45.27388736188368
2886 164.3 45.33235368165727
2887 164.35 45.390811606167254
2888 164.4 45.449261135413494
2889 164.45 45.50770226939606
2890 164.5 45.56613500811496
2891 164.55 45.62455935157027
2892 164.6 45.68297529976183
2893 164.65 45.74138285268971
2894 164.7 45.799782010354
2895 164.75 45.85817277275454
2896 164.8 45.916555139891415
2897 164.85 45.974929111764695
2898 164.9 46.03329468837423
2899 164.95 46.09165186972016
2900 165.0 46.150000655802344
2901 165.05 46.20834104662086
2902 165.1 46.26667304217578
2903 165.15 46.32499664246696
2904 165.2 46.38331184749453
2905 165.25 46.44161865725836
2906 165.3 46.49991707175852
2907 165.35 46.55820709099508
2908 165.4 46.6164887149679
2909 165.45 46.67476194367712
2910 165.5 46.73302677712259
2911 165.55 46.79128321530439
2912 165.6 46.8495312582226
2913 165.65 46.90777090587706
2914 165.7 46.96600215826792
2915 165.75 47.02422501539503
2916 165.8 47.082439477258475
2917 165.85 47.14064554385833
2918 165.9 47.19884321519443
2919 165.95 47.25703249126686
2920 166.0 47.31521337207562
2921 166.05 47.373385857620704
2922 166.1 47.4315499479022
2923 166.15 47.489705642919944
2924 166.2 47.54785294267409
2925 166.25 47.60599184716449
2926 166.3 47.66412235639122
2927 166.35 47.722244470354276
2928 166.4 47.780358189053665
2929 166.45 47.83846351248946
2930 166.5 47.89656044066151
2931 166.55 47.95464897356988
2932 166.6 48.01272911121466
2933 166.65 48.07080085359569
2934 166.7 48.12886420071305
2935 166.75 48.186919152566745
2936 166.8 48.24496570915676
2937 166.85 48.3030038704831
2938 166.9 48.36103363654578
2939 166.95 48.41905500734486
2940 167.0 48.47706798288019
2941 167.05 48.53507256315193
2942 167.1 48.59306874815999
2943 167.15 48.65105653790431
2944 167.2 48.70903593238496
2945 167.25 48.767006931601934
2946 167.3 48.82496953555524
2947 167.35 48.88292374424495
2948 167.4 48.94086955767091
2949 167.45 48.9988069758332
2950 167.5 49.05673599873182
2951 167.55 49.11465662636677
2952 167.6 49.17256885873804
2953 167.65 49.23047269584564
2954 167.7 49.28836813768965
2955 167.75 49.346255184269914
2956 167.8 49.40413383558651
2957 167.85 49.46200409163943
2958 167.9 49.519865952428674
2959 167.95 49.57771941795425
2960 168.0 49.635564488216154
2961 168.05 49.69340116321439
2962 168.1 49.751229442948954
2963 168.15 49.80904932741984
2964 168.2 49.86686081662706
2965 168.25 49.92466391057061
2966 168.3 49.982458609250486
2967 168.35 50.040244912666694
2968 168.4 50.098022820819224
2969 168.45 50.155792333708085
2970 168.5 50.213553451333276
2971 168.55 50.271306173694796
2972 168.6 50.32905050079265
2973 168.65 50.38678643262683
2974 168.7 50.44451396919733
2975 168.75 50.502233110504164
2976 168.8 50.55994385654733
2977 168.85 50.6176462073269
2978 168.9 50.67534016284272
2979 168.95 50.73302572309487
2980 169.0 50.79070288808342
2981 169.05 50.84837165780823
2982 169.1 50.906032032269444
2983 169.15 50.96368401146691
2984 169.2 51.021327595400706
2985 169.25 51.0789627840709
2986 169.3 51.13658957747735
2987 169.35 51.19420797562013
2988 169.4 51.25181797849924
2989 169.45 51.30941958611468
2990 169.5 51.36701279846644
2991 169.55 51.42459761555453
2992 169.6 51.48217403737903
2993 169.65 51.539742063939784
2994 169.7 51.597301695236865
2995 169.75 51.65485293127027
2996 169.8 51.712395772040004
2997 169.85 51.76993021754615
2998 169.9 51.82745626778854
2999 169.95 51.884973922767266
3000 170.0 51.94248318248239
3001 170.05 51.99998404693377
3002 170.1 52.057476516121476
3003 170.15 52.11496059004551
3004 170.2 52.17243626870588
3005 170.25 52.22990355210265
3006 170.3 52.28736244023567
3007 170.35 52.34481293310502
3008 170.4 52.4022550307107
3009 170.45 52.459688733052786
3010 170.5 52.517114040131126
3011 170.55 52.574530951945796
3012 170.6 52.63193946849687
3013 170.65 52.68933958978419
3014 170.7 52.74673131580784
3015 170.75 52.804114646567896
3016 170.8 52.86148958206421
3017 170.85 52.91885612229692
3018 170.9 52.97621426726589
3019 170.95 53.033564016971184
3020 171.0 53.09090537141288
3021 171.05 53.148238330590836
3022 171.1 53.20556289450519
3023 171.15 53.2628790631558
3024 171.2 53.32018683654274
3025 171.25 53.377486214666085
3026 171.3 53.43477719752568
3027 171.35 53.49205978512168
3028 171.4 53.549333977453934
3029 171.45 53.606599774522515
3030 171.5 53.663857176327504
3031 171.55 53.721106182868745
3032 171.6 53.77834679414639
3033 171.65 53.83557901016028
3034 171.7 53.89280283091058
3035 171.75 53.950018256397136
3036 171.8 54.00722528662002
3037 171.85 54.064423921579234
3038 171.9 54.12161416127477
3039 171.95 54.17879600570664
3040 172.0 54.23596945487491
3041 172.05 54.29313450877944
3042 172.1 54.350291167420366
3043 172.15 54.40743943079755
3044 172.2 54.46457929891106
3045 172.25 54.5217107717609
3046 172.3 54.57883384934707
3047 172.35 54.63594853166964
3048 172.4 54.69305481872847
3049 172.45 54.7501527105237
3050 172.5 54.80724220705526
3051 172.55 54.86432330832307
3052 172.6 54.921396014327286
3053 172.65 54.97846032506776
3054 172.7 55.03551624054463
3055 172.75 55.092563760757834
3056 172.8 55.14960288570729
3057 172.85 55.20663361539315
3058 172.9 55.263655949815266
3059 172.95 55.32066988897371
3060 173.0 55.37767543286848
3061 173.05 55.434672581499576
3062 173.1 55.491661334867004
3063 173.15 55.54864169297076
3064 173.2 55.60561365581085
3065 173.25 55.66257722338734
3066 173.3 55.71953239570008
3067 173.35 55.77647917274915
3068 173.4 55.83341755453455
3069 173.45 55.89034754105628
3070 173.5 55.94726913231434
3071 173.55 56.00418232830872
3072 173.6 56.061087129039436
3073 173.65 56.11798353450648
3074 173.7 56.17487154470985
3075 173.75 56.231751159649555
3076 173.8 56.28862237932558
3077 173.85 56.34548520373794
3078 173.9 56.40233963288662
3079 173.95 56.45918566677171
3080 174.0 56.51602330539313
3081 174.05 56.572852548750795
3082 174.1 56.62967339684487
3083 174.15 56.6864858496752
3084 174.2 56.74328990724186
3085 174.25 56.80008556954492
3086 174.3 56.85687283658424
3087 174.35 56.91365170835988
3088 174.4 56.97042218487185
3089 174.45 57.02718426612023
3090 174.5 57.08393795210493
3091 174.55 57.140683242825894
3092 174.6 57.19742013828318
3093 174.65 57.25414863847679
3094 174.7 57.310868743406736
3095 174.75 57.36758045307301
3096 174.8 57.424283767475615
3097 174.85 57.48097868661455
3098 174.9 57.537665210489884
3099 174.95 57.59434333910155
3100 175.0 57.65101307244954
3101 175.05 57.707674410533784
3102 175.1 57.76432735335436
3103 175.15 57.82097190091126
3104 175.2 57.87760805320449
3105 175.25 57.93423581023405
3106 175.3 57.99085517199994
3107 175.35 58.04746613850216
3108 175.4 58.10406870974078
3109 175.45 58.16066288571565
3110 175.5 58.217248666426855
3111 175.55 58.27382605187439
3112 175.6 58.33039504205832
3113 175.65 58.38695563697851
3114 175.7 58.44350783663503
3115 175.75 58.50005164102795
3116 175.8 58.55658705015713
3117 175.85 58.61311406402263
3118 175.9 58.66963268262447
3119 175.95 58.726142905962625
3120 176.0 58.78264473403719
3121 176.05 58.83913816684801
3122 176.1 58.89562320439516
3123 176.15 58.952099846678706
3124 176.2 59.00856809369851
3125 176.25 59.06502794545464
3126 176.3 59.1214794019471
3127 176.35 59.17792246317589
3128 176.4 59.23435712914108
3129 176.45 59.29078339984253
3130 176.5 59.34720127528038
3131 176.55 59.40361075545449
3132 176.6 59.46001184036492
3133 176.65 59.516404530011755
3134 176.7 59.57278882439485
3135 176.75 59.62916472351434
3136 176.8 59.68553222737009
3137 176.85 59.741891335962165
3138 176.9 59.79824204929064
3139 176.95 59.85458436735538
3140 177.0 59.910918290156516
3141 177.05 59.967243817693905
3142 177.1 60.023560949967624
3143 177.15 60.079869686977744
3144 177.2 60.13617002872412
3145 177.25 60.19246197520683
3146 177.3 60.248745526425864
3147 177.35 60.305020682381226
3148 177.4 60.36128744307292
3149 177.45 60.41754580850094
3150 177.5 60.47379577866536
3151 177.55 60.53003735356604
3152 177.6 60.58627053320304
3153 177.65 60.642495317576454
3154 177.7 60.69871170668612
3155 177.75 60.75491970053211
3156 177.8 60.81111929911444
3157 177.85 60.867310502433085
3158 177.9 60.92349331048814
3159 177.95 60.97966772327945
3160 178.0 61.035833740807156
3161 178.05 61.09199136307112
3162 178.1 61.14814059007149
3163 178.15 61.20428142180819
3164 178.2 61.26041385828114
3165 178.25 61.31653789949049
3166 178.3 61.3726535454361
3167 178.35 61.428760796118034
3168 178.4 61.484859651536375
3169 178.45 61.54095011169097
3170 178.5 61.59703217658189
3171 178.55 61.653105846209144
3172 178.6 61.70917112057273
3173 178.65 61.76522799967271
3174 178.7 61.821276483508946
3175 178.75 61.87731657208151
3176 178.8 61.93334826539041
3177 178.85 61.989371563435704
3178 178.9 62.04538646621725
3179 178.95 62.10139297373513
3180 179.0 62.15739108598934
3181 179.05 62.21338080297988
3182 179.1 62.269362124706745
3183 179.15 62.325335051169944
3184 179.2 62.381299582369465
3185 179.25 62.437255718305316
3186 179.3 62.4932034589775
3187 179.35 62.54914280438601
3188 179.4 62.60507375453085
3189 179.45 62.66099630941201
3190 179.5 62.71691046902951
3191 179.55 62.77281623338333
3192 179.6 62.828713602473485
3193 179.65 62.88460257629997
3194 179.7 62.940483154862775
3195 179.75 62.99635533816191
3196 179.8 63.05221912619738
3197 179.85 63.10807451896925
3198 179.9 63.163921516477444
3199 179.95 63.2197601187219
3200 180.0 63.27559032570268
3201 180.05 63.33141213741979
3202 180.1 63.38722555387323
3203 180.15 63.443030575063
3204 180.2 63.4988272009891
3205 180.25 63.55461543165152
3206 180.3 63.61039526705027
3207 180.35 63.666166707185354
3208 180.4 63.72192975205677
3209 180.45 63.77768440166451
3210 180.5 63.833430656008574
3211 180.55 63.88916851508905
3212 180.6 63.94489797890577
3213 180.65 64.00061904745883
3214 180.7 64.0563317207482
3215 180.75 64.11203599877392
3216 180.8 64.16773188153596
3217 180.85 64.22341936903433
3218 180.9 64.2790984612691
3219 180.95 64.33476915824012
3220 181.0 64.39043145994748
3221 181.05 64.44608536639116
3222 181.1 64.50173087757118
3223 181.15 64.55736799348752
3224 181.2 64.61299671414018
3225 181.25 64.66861703952918
3226 181.3 64.72422896965458
3227 181.35 64.77983250451624
3228 181.4 64.83542764411422
3229 181.45 64.89101438844853
3230 181.5 64.94659273751917
3231 181.55 65.0021626913262
3232 181.6 65.05772424986951
3233 181.65 65.1132774131492
3234 181.7 65.16882218116517
3235 181.75 65.22435855391745
3236 181.8 65.27988653140606
3237 181.85 65.33540611363101
3238 181.9 65.39091730059235
3239 181.95 65.44642009228996
3240 182.0 65.50191448872388
3241 182.05 65.55740048989422
3242 182.1 65.61287809580081
3243 182.15 65.66834730644372
3244 182.2 65.72380812182297
3245 182.25 65.77926054193861
3246 182.3 65.8347045667905
3247 182.35 65.89014019637874
3248 182.4 65.94556743070336
3249 182.45 66.00098626976425
3250 182.5 66.05639671356147
3251 182.55 66.11179876209509
3252 182.6 66.16719241536497
3253 182.65 66.22257767337123
3254 182.7 66.27795453611377
3255 182.75 66.33332300359262
3256 182.8 66.38868307580789
3257 182.85 66.4440347527594
3258 182.9 66.49937803444732
3259 182.95 66.5547129208715
3260 183.0 66.610039412032
3261 183.05 66.6653575079289
3262 183.1 66.72066720856206
3263 183.15 66.77596851393162
3264 183.2 66.83126142403744
3265 183.25 66.88654593887958
3266 183.3 66.94182205845813
3267 183.35 66.99708978277293
3268 183.4 67.05234911182413
3269 183.45 67.10760004561159
3270 183.5 67.16284258413538
3271 183.55 67.21807672739557
3272 183.6 67.27330247539201
3273 183.65 67.32851982812487
3274 183.7 67.38372878559397
3275 183.75 67.43892934779947
3276 183.8 67.49412151474124
3277 183.85 67.54930528641933
3278 183.9 67.60448066283374
3279 183.95 67.65964764398448
3280 184.0 67.71480622987156
3281 184.05 67.76995642049503
3282 184.1 67.82509821585477
3283 184.15 67.88023161595082
3284 184.2 67.93535662078321
3285 184.25 67.99047323035192
3286 184.3 68.04558144465705
3287 184.35 68.10068126369842
3288 184.4 68.15577268747612
3289 184.45 68.21085571599015
3290 184.5 68.2659303492405
3291 184.55 68.3209965872272
3292 184.6 68.37605442995022
3293 184.65 68.43110387740964
3294 184.7 68.48614492960532
3295 184.75 68.54117758653732
3296 184.8 68.59620184820565
3297 184.85 68.65121771461031
3298 184.9 68.70622518575131
3299 184.95 68.76122426162863
3300 185.0 68.81621494224227
3301 185.05 68.87119722759225
3302 185.1 68.92617111767855
3303 185.15 68.98113661250119
3304 185.2 69.03609371206015
3305 185.25 69.09104241635544
3306 185.3 69.14598272538706
3307 185.35 69.200914639155
3308 185.4 69.25583815765935
3309 185.45 69.31075328089996
3310 185.5 69.36566000887689
3311 185.55 69.42055834159015
3312 185.6 69.47544827903974
3313 185.65 69.53032982122566
3314 185.7 69.58520296814791
3315 185.75 69.64006771980648
3316 185.8 69.69492407620139
3317 185.85 69.74977203733262
3318 185.9 69.80461160320019
3319 185.95 69.85944277380408
3320 186.0 69.9142655491443
3321 186.05 69.96907992922092
3322 186.1 70.0238859140338
3323 186.15 70.07868350358301
3324 186.2 70.13347269786854
3325 186.25 70.18825349689041
3326 186.3 70.2430259006486
3327 186.35 70.29778990914312
3328 186.4 70.35254552237397
3329 186.45 70.40729274034122
3330 186.5 70.46203156304473
3331 186.55 70.51676199048457
3332 186.6 70.57148402266073
3333 186.65 70.62619765957322
3334 186.7 70.68090290122204
3335 186.75 70.7355997476072
3336 186.8 70.79028819872875
3337 186.85 70.84496825458655
3338 186.9 70.89963991518069
3339 186.95 70.95430318051115
3340 187.0 71.00895805057795
3341 187.05 71.06360452538114
3342 187.1 71.11824260492058
3343 187.15 71.17287228919636
3344 187.2 71.22749357820847
3345 187.25 71.28210647195691
3346 187.3 71.33671097044174
3347 187.35 71.39130707366284
3348 187.4 71.44589478162027
3349 187.45 71.50047409431409
3350 187.5 71.55504501174417
