0 20 0
1 20.1 -0.008103357417464452
2 20.2 -0.015329060095463701
3 20.3 -0.021702434757850074
4 20.4 -0.027247323889449063
5 20.5 -0.03198621284548749
6 20.6 -0.0359403427759438
7 20.7 -0.03912981129794036
8 20.8 -0.04157366254056399
9 20.9 -0.04328996793393608
10 21.0 -0.04429589890655531
11 21.1 -0.04460779248304203
12 21.2 -0.04424121063149343
13 21.3 -0.04321099409025082
14 21.4 -0.04153131130365877
15 21.5 -0.03921570301190905
16 21.6 -0.03627712296854431
17 21.7 -0.03272797519841664
18 21.8 -0.028580148157046827
19 21.9 -0.023845046107940925
20 22.0 -0.018533617996285615
21 22.1 -0.012656384064575917
22 22.2 -0.0062234604273093954
23 22.3 0.0007554182027650538
24 22.4 0.008270877465791589
25 22.5 0.01631388383098884
26 22.6 0.024875726461861782
27 22.7 0.03394800034877121
28 22.8 0.04352259059978793
29 22.9 0.05359165779185689
30 23.0 0.06414762429409868
31 23.1 0.07518316148374891
32 23.2 0.08669117778292902
33 23.3 0.09866480745127781
34 23.4 0.11109740007556046
35 23.5 0.12398251070280346
36 23.6 0.13731389056835677
37 23.7 0.1510854783746337
38 23.8 0.16529139208017474
39 23.9 0.1799259211621887
40 24.0 0.1949835193188751
41 24.1 0.2104587975806737
42 24.2 0.226346517802155
43 24.3 0.24264158650858356
44 24.4 0.25933904907328714
45 24.5 0.2764340842038702
46 24.6 0.2939219987170379
47 24.7 0.31179822258337186
48 24.8 0.3300583042248267
49 24.9 0.34869790604902506
50 25.0 0.36771280020561653
51 25.1 0.3870988645510555
52 25.2 0.4068520788091471
53 25.3 0.42696852091562343
54 25.4 0.4474443635358478
55 25.5 0.4682758707455081
56 25.6 0.48945939486487156
57 25.7 0.5109913734378158
58 25.8 0.5328683263474496
59 25.9 0.555086853060688
60 26.0 0.5776436299946509
61 26.1 0.6005354079982276
62 26.2 0.6237590099425724
63 26.3 0.6473113284147105
64 26.4 0.6711893235087916
65 26.5 0.6953900207098804
66 26.6 0.7199105088654857
67 26.7 0.7447479382403288
68 26.8 0.7698995186501266
69 26.9 0.7953625176704153
70 27.0 0.8211342589166855
71 27.1 0.847212120392312
72 27.2 0.8735935329009734
73 27.3 0.9002759785204466
74 27.4 0.9272569891348383
75 27.5 0.9545341450224881
76 27.6 0.9821050734969241
77 27.7 1.009967447598413
78 27.8 1.038118984833763
79 27.9 1.0665574459621874
80 28.0 1.0952806338251364
81 28.1 1.1242863922181343
82 28.2 1.1535726048027493
83 28.3 1.1831371940569329
84 28.4 1.2129781202620538
85 28.5 1.2430933805250342
86 28.6 1.2734810078340906
87 28.7 1.3041390701466418
88 28.8 1.3350656695080347
89 28.9 1.3662589411997919
90 29.0 1.3977170529161653
91 29.1 1.4294382039678208
92 29.2 1.4614206245115606
93 29.3 1.4936625748050194
94 29.4 1.5261623444853343
95 29.5 1.558918251870836
96 29.6 1.5919286432848536
97 29.7 1.625191892400759
98 29.8 1.6587063996074356
99 29.9 1.6924705913943743
100 30.0 1.7264829197556477
101 30.1 1.7607418616120492
102 30.2 1.7952459182507086
103 30.3 1.8299936147815299
104 30.4 1.8649834996098276
105 30.5 1.9002141439245606
106 30.6 1.9356841412016057
107 30.7 1.9713921067215021
108 30.8 2.0073366771011694
109 30.9 2.0435165098390757
110 31.0 2.0799302828734008
111 31.1 2.11657669415271
112 31.2 2.153454461218727
113 31.3 2.190562320800761
114 31.4 2.2278990284214006
115 31.5 2.2654633580130823
116 31.6 2.303254101545158
117 31.7 2.3412700686611214
118 31.8 2.379510086325627
119 31.9 2.4179729984810026
120 32.0 2.4566576657129144
121 32.1 2.4955629649249045
122 32.2 2.5346877890214916
123 32.3 2.5740310465995733
124 32.4 2.6135916616478467
125 32.5 2.6533685732540033
126 32.6 2.6933607353194353
127 32.7 2.7335671162812316
128 32.8 2.773986698841219
129 32.9 2.8146184797018323
130 33.0 2.8554614693086204
131 33.1 2.896514691599135
132 33.2 2.9377771837580675
133 33.3 2.979247995978389
134 33.4 3.0209261912283543
135 33.5 3.0628108450241536
136 33.6 3.1049010452080767
137 33.7 3.147195891732
138 33.8 3.18969449644606
139 33.9 3.232395982892343
140 34.0 3.275299486103448
141 34.1 3.318404152405795
142 34.2 3.361709139227519
143 34.3 3.405213614910833
144 34.4 3.4489167585287324
145 34.5 3.492817759705903
146 34.6 3.5369158184437404
147 34.7 3.5812101449493263
148 34.8 3.6256999594682964
149 34.9 3.6703844921214523
150 35.0 3.7152629827450374
151 35.1 3.7603346807345686
152 35.2 3.8055988448921214
153 35.3 3.8510547432769955
154 35.4 3.896701653059636
155 35.5 3.942538860378748
156 35.6 3.988565660201516
157 35.7 4.034781356186835
158 35.8 4.081185260551484
159 35.9 4.127776693939164
160 36.0 4.1745549852923105
161 36.1 4.221519471726635
162 36.2 4.268669498408298
163 36.3 4.31600441843366
164 36.4 4.363523592711547
165 36.5 4.411226389847958
166 36.6 4.459112186033151
167 36.7 4.507180364931065
168 36.8 4.555430317570992
169 36.9 4.6038614422414685
170 37.0 4.652473144386318
171 37.1 4.701264836502783
172 37.2 4.750235938041729
173 37.3 4.799385875309821
174 37.4 4.848714081373671
175 37.5 4.898219995965875
176 37.6 4.947903065392912
177 37.7 4.997762742444851
178 37.8 5.047798486306842
179 37.9 5.098009762472309
180 38.0 5.148396042657854
181 38.1 5.198956804719792
182 38.2 5.249691532572295
183 38.3 5.300599716107119
184 38.4 5.3516808511148595
185 38.5 5.402934439207688
186 38.6 5.454359987743589
187 38.7 5.505957009751987
188 38.8 5.557725023860814
189 38.9 5.609663554224909
190 39.0 5.661772130455773
191 39.1 5.714050287552624
192 39.2 5.766497565834737
193 39.3 5.819113510875012
194 39.4 5.871897673434798
195 39.5 5.924849609399876
196 39.6 5.977968879717634
197 39.7 6.031255050335369
198 39.8 6.084707692139726
199 39.9 6.138326380897208
200 40.0 6.1921106971957816
201 40.1 6.246060226387508
202 40.2 6.300174558532219
203 40.3 6.354453288342175
204 40.4 6.408896015127725
205 40.5 6.4635023427439275
206 40.6 6.518271879538095
207 40.7 6.57320423829828
208 40.8 6.6282990362026535
209 40.9 6.683555894769785
210 41.0 6.738974439809756
211 41.1 6.794554301376168
212 41.2 6.850295113718932
213 41.3 6.906196515237926
214 41.4 6.96225814843739
215 41.5 7.018479659881171
216 41.6 7.0748607001486885
217 41.7 7.13140092379165
218 41.8 7.18809998929154
219 41.9 7.244957559017797
220 42.0 7.3019732991867174
221 42.1 7.3591468798210515
222 42.2 7.416477974710262
223 42.3 7.4739662613714835
224 42.4 7.531611421011107
225 42.5 7.589413138487034
226 42.6 7.647371102271534
227 42.7 7.705485004414735
228 42.8 7.763754540508728
229 42.9 7.822179409652247
230 43.0 7.880759314415949
231 43.1 7.9394939608082735
232 43.2 7.998383058241838
233 43.3 8.057426319500408
234 43.4 8.11662346070642
235 43.5 8.175974201288996
236 43.6 8.235478263952528
237 43.7 8.295135374645737
238 43.8 8.35494526253127
239 43.9 8.41490765995576
240 44.0 8.475022302420415
241 44.1 8.535288928552012
242 44.2 8.595707280074455
243 44.3 8.656277101780722
244 44.4 8.716998141505288
245 44.5 8.777870150096996
246 44.6 8.838892881392377
247 44.7 8.900066092189364
248 44.8 8.961389542221474
249 44.9 9.022862994132364
250 45.0 9.084486213450836
251 45.1 9.146258968566197
252 45.2 9.208181030704058
253 45.3 9.270252173902493
254 45.4 9.332472174988593
255 45.5 9.394840813555394
256 45.6 9.45735787193916
257 45.7 9.52002313519706
258 45.8 9.582836391085168
259 45.9 9.645797430036833
260 46.0 9.708906045141402
261 46.1 9.772162032123262
262 46.2 9.835565189321237
263 46.3 9.8991153176683
264 46.4 9.962812220671623
265 46.5 10.026655704392924
266 46.6 10.090645577429175
267 46.7 10.154781650893552
268 46.8 10.219063738396752
269 46.9 10.283491656028579
270 47.0 10.348065222339834
271 47.1 10.412784258324477
272 47.2 10.47764858740211
273 47.3 10.542658035400725
274 47.4 10.607812430539715
275 47.5 10.673111603413192
276 47.6 10.738555386973548
277 47.7 10.804143616515296
278 47.8 10.869876129659161
279 47.9 10.935752766336458
280 48.0 11.001773368773677
281 48.1 11.067937781477381
282 48.2 11.134245851219276
283 48.3 11.200697427021614
284 48.4 11.267292360142752
285 48.5 11.334030504063008
286 48.6 11.400911714470721
287 48.7 11.467935849248562
288 48.8 11.535102768460048
289 48.9 11.602412334336307
290 49.0 11.669864411263042
291 49.1 11.737458865767737
292 49.2 11.805195566507066
293 49.3 11.873074384254501
294 49.4 11.941095191888168
295 49.5 12.00925786437887
296 49.6 12.077562278778352
297 49.7 12.146008314207727
298 49.8 12.214595851846148
299 49.9 12.28332477491965
300 50.0 12.352194968690178
301 50.1 12.421206320444838
302 50.2 12.490358719485323
303 50.3 12.559652057117503
304 50.4 12.629086226641263
305 50.5 12.698661123340454
306 50.6 12.76837664447306
307 50.7 12.838232689261558
308 50.8 12.908229158883431
309 50.9 12.978365956461865
310 51.0 13.048734293815608
311 51.1 13.119189493945134
312 51.2 13.189731326538876
313 51.3 13.260359563428445
314 51.4 13.331073978564202
315 51.5 13.401874347991164
316 51.6 13.472760449825302
317 51.7 13.54373206423022
318 51.8 13.614788973394257
319 51.9 13.685930961507887
320 52.0 13.757157814741516
321 52.1 13.828469321223626
322 52.2 13.899865271019237
323 52.3 13.971345456108764
324 52.4 14.042909670367159
325 52.5 14.114557709543385
326 52.6 14.186289371240195
327 52.7 14.258104454894298
328 52.8 14.330002761756738
329 52.9 14.401984094873606
330 53.0 14.474048259067121
331 53.1 14.546195060916855
332 53.2 14.618424308741375
333 53.3 14.69073581258009
334 53.4 14.763129384175434
335 53.5 14.835604836955243
336 53.6 14.90816198601544
337 53.7 14.980800648102974
338 53.8 15.05352064159904
339 53.9 15.126321786502478
340 54.0 15.199203904413512
341 54.1 15.272166818517649
342 54.2 15.345210353569847
343 54.3 15.418334335878935
344 54.4 15.49153859329222
345 54.5 15.564822955180333
346 54.6 15.63818725242235
347 54.7 15.711631317391031
348 54.8 15.785154983938364
349 54.9 15.85875808738125
350 55.0 15.932440464487403
351 55.1 16.00620195346154
352 55.2 16.080042393931638
353 55.3 16.153961626935452
354 55.4 16.22795949490726
355 55.5 16.302035841664726
356 55.6 16.37619051239598
357 55.7 16.450423353646887
358 55.8 16.52473421330851
359 55.9 16.599122940604676
360 56.0 16.673589386079815
361 56.1 16.748133401586887
362 56.2 16.822754840275536
363 56.3 16.897453556580356
364 56.4 16.97222940620939
365 56.5 17.047082246132675
366 56.6 17.122011934571084
367 56.7 17.197018330985212
368 56.8 17.272101296064452
369 56.9 17.347260691716247
370 57.0 17.42249638105543
371 57.1 17.497808228393787
372 57.2 17.573196099229648
373 57.3 17.64865986023776
374 57.4 17.72419937925916
375 57.5 17.79981452529131
376 57.6 17.875505168478252
377 57.7 17.95127118010097
378 57.8 18.027112432567858
379 57.9 18.103028799405315
380 58.0 18.179020155248445
381 58.1 18.255086375831922
382 58.2 18.33122733798095
383 58.3 18.40744291960234
384 58.4 18.483732999675713
385 58.5 18.56009745824483
386 58.6 18.636536176409
387 58.7 18.71304903631464
388 58.8 18.789635921146953
389 58.9 18.86629671512165
390 59.0 18.943031303476843
391 59.1 19.01983957246502
392 59.2 19.09672140934514
393 59.3 19.173676702374802
394 59.4 19.250705340802536
395 59.5 19.32780721486022
396 59.6 19.404982215755474
397 59.7 19.48223023566437
398 59.8 19.559551167724013
399 59.9 19.636944906025345
400 60.0 19.714411345606017
401 60.1 19.79195038244333
402 60.2 19.86956191344728
403 60.3 19.94724583645371
404 60.4 20.02500205021753
405 60.5 20.10283045440602
406 60.6 20.180730949592203
407 60.7 20.25870343724837
408 60.8 20.336747819739607
409 60.9 20.414864000317458
410 61.0 20.493051883113633
411 61.1 20.571311373133803
412 61.2 20.649642376251542
413 61.3 20.728044799202177
414 61.4 20.806518549576925
415 61.5 20.885063535816958
416 61.6 20.963679667207575
417 61.7 21.042366853872526
418 61.8 21.121125006768246
419 61.9 21.199954037678324
420 62.0 21.278853859207985
421 62.1 21.35782438477856
422 62.2 21.436865528622146
423 62.3 21.515977205776306
424 62.4 21.59515933207875
425 62.5 21.674411824162195
426 62.6 21.75373459944922
427 62.7 21.833127576147206
428 62.8 21.912590673243347
429 62.9 21.99212381049969
430 63.0 22.07172690844832
431 63.1 22.151399888386454
432 63.2 22.23114267237179
433 63.3 22.31095518321772
434 63.4 22.39083734448879
435 63.5 22.470789080496033
436 63.6 22.55081031629253
437 63.7 22.63090097766889
438 63.8 22.711060991148877
439 63.9 22.791290283985024
440 64.0 22.871588784154394
441 64.1 22.951956420354275
442 64.2 23.03239312199801
443 64.3 23.112898819210884
444 64.4 23.193473442826022
445 64.5 23.274116924380344
446 64.6 23.354829196110586
447 64.7 23.435610190949394
448 64.8 23.51645984252136
449 64.9 23.59737808513931
450 65.0 23.678364853800417
451 65.1 23.759420084182512
452 65.2 23.84054371264036
453 65.3 23.92173567620207
454 65.4 24.00299591256539
455 65.5 24.08432436009427
456 65.6 24.165720957815303
457 65.7 24.24718564541425
458 65.8 24.328718363232657
459 65.9 24.410319052264455
460 66.0 24.491987654152588
461 66.1 24.573724111185797
462 66.2 24.655528366295353
463 66.3 24.737400363051815
464 66.4 24.81934004566189
465 66.5 24.901347358965328
466 66.6 24.983422248431797
467 66.7 25.065564660157897
468 66.8 25.14777454086407
469 66.9 25.23005183789171
470 67.0 25.312396499200208
471 67.1 25.39480847336408
472 67.2 25.477287709570106
473 67.3 25.559834157614535
474 67.4 25.64244776790025
475 67.5 25.725128491434106
476 67.6 25.807876279824185
477 67.7 25.890691085277165
478 67.8 25.973572860595635
479 67.9 26.056521559175536
480 68.0 26.139537135003632
481 68.1 26.222619542654915
482 68.2 26.305768737290155
483 68.3 26.388984674653475
484 68.4 26.472267311069864
485 68.5 26.55561660344279
486 68.6 26.639032509251926
487 68.7 26.722514986550724
488 68.8 26.806063993964184
489 68.9 26.889679490686618
490 69.0 26.97336143647931
491 69.1 27.057109791668438
492 69.2 27.140924517142867
493 69.3 27.224805574352008
494 69.4 27.308752925303725
495 69.5 27.39276653256226
496 69.6 27.476846359246156
497 69.7 27.560992369026344
498 69.8 27.645204526124072
499 69.9 27.729482795308922
500 70.0 27.813827141896986
501 70.1 27.89823753174891
502 70.2 27.98271393126805
503 70.3 28.06725630739862
504 70.4 28.15186462762387
505 70.5 28.236538859964313
506 70.6 28.321278972976007
507 70.7 28.406084935748797
508 70.8 28.49095671790457
509 70.9 28.575894289595702
510 71.0 28.660897621503267
511 71.1 28.745966684835537
512 71.2 28.831101451326294
513 71.3 28.916301893233367
514 71.4 29.00156798333698
515 71.5 29.08689969493836
516 71.6 29.17229700185813
517 71.7 29.257759878434896
518 71.8 29.343288299523866
519 71.9 29.42888224049531
520 72.0 29.514541677233307
521 72.1 29.600266586134303
522 72.2 29.686056944105765
523 72.3 29.771912728564885
524 72.4 29.857833917437375
525 72.5 29.943820489156035
526 72.6 30.029872422659643
527 72.7 30.115989697391694
528 72.8 30.202172293299178
529 72.9 30.288420190831488
530 73.0 30.37473337093919
531 73.1 30.46111181507296
532 73.2 30.5475555051824
533 73.3 30.634064423715092
534 73.4 30.720638553615412
535 73.5 30.80727787832357
536 73.6 30.893982381774617
537 73.7 30.980752048397378
538 73.8 31.067586863113576
539 73.9 31.15448681133683
540 74.0 31.24145187897176
541 74.1 31.32848205241307
542 74.2 31.415577318544692
543 74.3 31.502737664738945
544 74.4 31.589963078855654
545 74.5 31.677253549241378
546 74.6 31.764609064728596
547 74.7 31.85202961463496
548 74.8 31.939515188762552
549 74.9 32.02706577739714
550 75.0 32.11468137130744
551 75.1 32.20236196174452
552 75.2 32.29010754044102
553 75.3 32.37791809961066
554 75.4 32.46579363194749
555 75.5 32.55373413062533
556 75.6 32.641739589297195
557 75.7 32.72981000209471
558 75.8 32.81794536362764
559 75.9 32.90614566898331
560 76.0 32.99441091372609
561 76.1 33.082741093897
562 76.2 33.17113620601316
563 76.3 33.259596247067385
564 76.4 33.348121214527815
565 76.5 33.43671110633744
566 76.6 33.52536592091377
567 76.7 33.61408565714843
568 76.8 33.7028703144069
569 76.9 33.79171989252812
570 77.0 33.88063439182422
571 77.1 33.969613813080265
572 77.2 34.05865815755394
573 77.3 34.14776742697536
574 77.4 34.23694162354683
575 77.5 34.32618074994262
576 77.6 34.41548480930885
577 77.7 34.50485380526326
578 77.8 34.594287741895066
579 77.9 34.683786623764895
580 78.0 34.77335045590465
581 78.1 34.86297924381739
582 78.2 34.95267299347732
583 78.3 35.04243171132973
584 78.4 35.13225540429095
585 78.5 35.22214407974833
586 78.6 35.312097745560315
587 78.7 35.402116410056415
588 78.8 35.49220008203724
589 78.9 35.58234877077465
590 79.0 35.67256248601176
591 79.1 35.76284123796312
592 79.2 35.853185037314766
593 79.3 35.94359389522444
594 79.4 36.03406782332164
595 79.5 36.12460683370801
596 79.6 36.215210938957306
597 79.7 36.30588015211579
598 79.8 36.39661448670237
599 79.9 36.48741395670893
600 80.0 36.578278576600546
601 80.1 36.66920836131585
602 80.2 36.76020332626731
603 80.3 36.85126348734156
604 80.4 36.9423888608998
605 80.5 37.03357946377811
606 80.6 37.12483531328788
607 80.7 37.21615642721629
608 80.8 37.30754282382659
609 80.9 37.39899452185866
610 81.0 37.49051154052951
611 81.1 37.58209389953369
612 81.2 37.67374161904385
613 81.3 37.765454719711244
614 81.4 37.857233222666316
615 81.5 37.94907714951926
616 81.6 38.040986522360576
617 81.7 38.13296136376168
618 81.8 38.22500169677562
619 81.9 38.31710754493764
620 82.0 38.40927893226586
621 82.1 38.50151588326201
622 82.2 38.59381842291204
623 82.3 38.686186576687
624 82.4 38.77862037054365
625 82.5 38.871119830925274
626 82.6 38.96368498476254
627 82.7 39.056315859474154
628 82.8 39.149012482967876
629 82.9 39.24177488364124
630 83.0 39.33460309038248
631 83.1 39.427497132571375
632 83.2 39.52045704008016
633 83.3 39.613482843274596
634 83.4 39.70657457301469
635 83.5 39.799732260655865
636 83.6 39.892955938049866
637 83.7 39.98624563754581
638 83.8 40.079601391991154
639 83.9 40.17302323473285
640 84.0 40.266511199618364
641 84.1 40.360065320996796
642 84.2 40.45368563371996
643 84.3 40.5473721731436
644 84.4 40.64112497512852
645 84.5 40.734944076041764
646 84.6 40.82882951275783
647 84.7 40.92278132265987
648 84.8 41.01679954364102
649 84.9 41.11088421410557
650 85.0 41.205035372970386
651 85.1 41.29925305966606
652 85.2 41.39353731413849
653 85.3 41.487888176849985
654 85.4 41.58230568878083
655 85.5 41.67678989143067
656 85.6 41.77134082681985
657 85.7 41.86595853749096
658 85.8 41.9606430665103
659 85.9 42.05539445746938
660 86.0 42.150212754486404
661 86.1 42.2450980022079
662 86.2 42.34005024581021
663 86.3 42.43506953100115
664 86.4 42.53015590402159
665 86.5 42.62530941164718
666 86.6 42.72053010118986
667 86.7 42.815818020499734
668 86.8 42.911173217966706
669 86.9 43.00659574252219
670 87.0 43.102085643640976
671 87.1 43.19764297134292
672 87.2 43.293267776194874
673 87.3 43.3889601093124
674 87.4 43.48472002236178
675 87.5 43.58054756756181
676 87.6 43.676442797685816
677 87.7 43.77240576606349
678 87.8 43.868436526583025
679 87.9 43.96453513369292
680 88.0 44.0607016424042
681 88.1 44.15693610829231
682 88.2 44.253238587499354
683 88.3 44.349609136736106
684 88.4 44.44604781328418
685 88.5 44.542554674998215
686 88.6 44.63912978030804
687 88.7 44.735773188220904
688 88.8 44.832484958323725
689 88.9 44.92926515078541
690 89.0 45.026113826359186
691 89.1 45.123031046384845
692 89.2 45.22001687279117
693 89.3 45.31707136809838
694 89.4 45.41419459542041
695 89.5 45.51138661846756
696 89.6 45.60864750154889
697 89.7 45.70597730957474
698 89.8 45.8033761080593
699 89.9 45.90084396312317
700 90.0 45.998380941496016
701 90.1 46.095987110519204
702 90.2 46.19366253814844
703 90.3 46.291407292956535
704 90.4 46.38922144413611
705 90.5 46.487105061502405
706 90.6 46.58505821549609
707 90.7 46.68308097718609
708 90.8 46.781173418272424
709 90.9 46.87933561108922
710 91.0 46.977567628607595
711 91.1 47.07586954443865
712 91.2 47.17424143283643
713 91.3 47.27268336870115
714 91.4 47.37119542758202
715 91.5 47.469777685680576
716 91.6 47.568430219853795
717 91.7 47.66715310761727
718 91.8 47.76594642714845
719 91.9 47.86481025728988
720 92.0 47.9637446775526
721 92.1 48.06274976811941
722 92.2 48.16182560984827
723 92.3 48.260972284275745
724 92.4 48.36018987362051
725 92.5 48.459478460786784
726 92.6 48.55883812936788
727 92.7 48.65826896364987
728 92.8 48.757771048615076
729 92.9 48.8573444699459
730 93.0 48.956989314028455
731 93.1 49.05670566795628
732 93.2 49.15649361953413
733 93.3 49.25635325728172
734 93.4 49.35628467043869
735 93.5 49.45628794896616
736 93.6 49.55636318355287
737 93.7 49.65651046561855
738 93.8 49.75672988731766
739 93.9 49.857021541543794
740 94.0 49.957385521933766
741 94.1 50.0578219228718
742 94.2 50.15833083949376
743 94.3 50.25891236769154
744 94.4 50.359566604117255
745 94.5 50.460293646187786
746 94.6 50.56109359208908
747 94.7 50.66196654078083
748 94.8 50.76291259200079
749 94.9 50.86393184626959
750 95.0 50.965024404895175
751 95.1 51.066190369977704
752 95.2 51.16742984441418
753 95.3 51.268742931903255
754 95.4 51.370129736950155
755 95.5 51.4715903648715
756 95.6 51.57312492180038
757 95.7 51.67473351469128
758 95.8 51.776416251325294
759 95.9 51.878173240315135
760 96.0 51.98000459111033
761 96.1 52.081910414002614
762 96.2 52.1838908201311
763 96.3 52.285945921487745
764 96.4 52.388075830922716
765 96.5 52.490280662149964
766 96.6 52.5925605297527
767 96.7 52.69491554918914
768 96.8 52.79734583679801
769 96.9 52.89985150980439
770 97.0 53.00243268632567
771 97.1 53.10508948537721
772 97.2 53.20782202687836
773 97.3 53.310630431658524
774 97.4 53.41351482146319
775 97.5 53.51647531896015
776 97.6 53.61951204774563
777 97.7 53.722625132350636
778 97.8 53.8258146982473
779 97.9 53.929080871855454
780 98.0 54.03242378054888
781 98.1 54.135843552662124
782 98.2 54.23934031749702
783 98.3 54.342914205329514
784 98.4 54.44656534741646
785 98.5 54.550293876002456
786 98.6 54.654099924326864
787 98.7 54.75798362663092
788 98.8 54.86194511816477
789 98.9 54.96598453519477
790 99.0 55.070102015010654
791 99.1 55.174297695933134
792 99.2 55.278571717321114
793 99.3 55.38292421957946
794 99.4 55.487355344166545
795 99.5 55.59186523360203
796 99.6 55.6964540314746
797 99.7 55.80112188245003
798 99.8 55.90586893227903
799 99.9 56.01069532780544
800 100.0 56.11560121697441
801 100.1 56.2205867488407
802 100.2 56.32565207357702
803 100.3 56.43079734248262
804 100.4 56.53602270799177
805 100.5 56.64132832368255
806 100.6 56.74671434428554
807 100.7 56.852180925692814
808 100.8 56.957728224966885
809 100.9 57.06335640034983
810 101.0 57.169065611272536
811 101.1 57.274856018363955
812 101.2 57.380727783460664
813 101.3 57.486681069616324
814 101.4 57.59271604111137
815 101.5 57.69883286346281
816 101.6 57.80503170343413
817 101.7 57.91131272904534
818 101.8 58.01767610958301
819 101.9 58.12412201561066
820 102.0 58.23065061897918
821 102.1 58.33726209283716
822 102.2 58.44395661164175
823 102.3 58.55073435116924
824 102.4 58.65759548852622
825 102.5 58.764540202160305
826 102.6 58.87156867187162
827 102.7 58.97868107882397
828 102.8 59.085877605556206
829 102.9 59.193158435994
830 103.0 59.300523755461526
831 103.1 59.407973750693316
832 103.2 59.5155086098463
833 103.3 59.62312852251205
834 103.4 59.73083367972902
835 103.5 59.83862427399515
836 103.6 59.94650049928044
837 103.7 60.05446255103982
838 103.8 60.16251062622605
839 103.9 60.27064492330294
840 104.0 60.37886564225856
841 104.1 60.4871729846188
842 104.2 60.595567153460976
843 104.3 60.70404835342768
844 104.4 60.812616790740705
845 104.5 60.921272673215334
846 104.6 61.030016210274496
847 104.7 61.13884761296362
848 104.8 61.24776709396508
849 104.9 61.35677486761326
850 105.0 61.46587114990967
851 105.1 61.57505615853827
852 105.2 61.684330112880836
853 105.3 61.793693234032915
854 105.4 61.90314574481962
855 105.5 62.012687869811714
856 105.6 62.12231983534211
857 105.7 62.232041869522305
858 105.8 62.34185420225922
859 105.9 62.45175706527218
860 106.0 62.561750692110245
861 106.1 62.671835318169556
862 106.2 62.78201118071111
863 106.3 62.89227851887869
864 106.4 63.00263757371699
865 106.5 63.113088588190166
866 106.6 63.22363180720042
867 106.7 63.334267477606936
868 106.8 63.444995848245135
869 106.9 63.55581716994604
870 107.0 63.66673169555614
871 107.1 63.77773967995721
872 107.2 63.88884138008673
873 107.3 64.00003705495838
874 107.4 64.11132696568284
875 107.5 64.222711375489
876 107.6 64.3341905497453
877 107.7 64.44576475598153
878 107.8 64.55743426391078
879 107.9 64.6691993454519
880 108.0 64.78106027475204
881 108.1 64.89301732820967
882 108.2 65.0050707844979
883 108.3 65.11722092458814
884 108.4 65.22946803177398
885 108.5 65.34181239169565
886 108.6 65.4542542923646
887 108.7 65.56679402418851
888 108.8 65.67943187999678
889 108.9 65.79216815506624
890 109.0 65.90500314714724
891 109.1 66.01793715649025
892 109.2 66.13097048587274
893 109.3 66.24410344062647
894 109.4 66.35733632866523
895 109.5 66.47066946051294
896 109.6 66.58410314933224
897 109.7 66.69763771095334
898 109.8 66.81127346390356
899 109.9 66.92501072943715
900 110.0 67.03884983156544
901 110.1 67.15279109708781
902 110.2 67.26683485562273
903 110.3 67.38098143963954
904 110.4 67.49523118449062
905 110.5 67.60958442844408
906 110.6 67.72404151271688
907 110.7 67.83860278150856
908 110.8 67.95326858203546
909 110.9 68.06803926456546
910 111.0 68.18291518245317
911 111.1 68.29789669217595
912 111.2 68.41298415337015
913 111.3 68.52817792886816
914 111.4 68.64347838473599
915 111.5 68.75888589031135
916 111.6 68.87440081824249
917 111.7 68.99002354452756
918 111.8 69.10575444855463
919 111.9 69.22159391314236
920 112.0 69.33754232458126
921 112.1 69.45360007267583
922 112.2 69.5697675507871
923 112.3 69.68604515587612
924 112.4 69.80243328854783
925 112.5 69.91893235309618
926 112.6 70.03554275754948
927 112.7 70.15226491371676
928 112.8 70.2690992372349
929 112.9 70.38604614761645
930 113.0 70.50310606829831
931 113.1 70.6202794266913
932 113.2 70.73756665423039
933 113.3 70.85496818642598
934 113.4 70.97248446291592
935 113.5 71.09011592751845
936 113.6 71.20786302828614
937 113.7 71.32572621756061
938 113.8 71.44370595202835
939 113.9 71.56180269277736
940 114.0 71.68001690535496
941 114.1 71.79834905982639
942 114.2 71.91679963083465
943 114.3 72.03536909766127
944 114.4 72.1540579442883
945 114.5 72.2728666594611
946 114.6 72.3917957367527
947 114.7 72.51084567462892
948 114.8 72.63001697651488
949 114.9 72.74931015086268
950 115.0 72.86872571122022
951 115.1 72.98826417630144
952 115.2 73.10792607005767
953 115.3 73.22771192175051
954 115.4 73.34762226602581
955 115.5 73.46765764298917
956 115.6 73.58781859828292
957 115.7 73.70810568316436
958 115.8 73.82851945458565
959 115.9 73.949060475275
960 116.0 74.06972931381976
961 116.1 74.19052654475063
962 116.2 74.31145274862783
963 116.3 74.43250851212889
964 116.4 74.55369442813799
965 116.5 74.67501109583709
966 116.6 74.79645912079901
967 116.7 74.91803911508205
968 116.8 75.03975169732668
969 116.9 75.16159749285411
970 117.0 75.28357713376676
971 117.1 75.40569125905076
972 117.2 75.52794051468054
973 117.3 75.65032555372554
974 117.4 75.77284703645898
975 117.5 75.895505630469
976 117.6 76.01830201077183
977 117.7 76.14123685992767
978 117.8 76.26431086815857
979 117.9 76.38752473346896
980 118.0 76.51087916176868
981 118.1 76.63437486699856
982 118.2 76.75801257125859
983 118.3 76.88179300493901
984 118.4 77.00571690685383
985 118.5 77.12978502437763
986 118.6 77.25399811358486
987 118.7 77.37835693939252
988 118.8 77.50286227570581
989 118.9 77.62751490556674
990 119.0 77.75231562130641
991 119.1 77.87726522470024
992 119.2 78.00236452712693
993 119.3 78.12761434973085
994 119.4 78.25301552358798
995 119.5 78.3785688898757
996 119.6 78.50427530004646
997 119.7 78.63013561600518
998 119.8 78.756150710291
999 119.9 78.8823214662629
1000 120.0 79.00757831201317
1001 120.1 79.28896162401595
1002 120.2 79.56867482763788
1003 120.3 79.84671792287895
1004 120.4 80.12309090973918
1005 120.5 80.39779378821855
1006 120.6 80.67082655831707
1007 120.7 80.94218922003475
1008 120.8 81.21188177337157
1009 120.9 81.47990421832755
1010 121.0 81.74625655490269
1011 121.1 82.01093878309698
1012 121.2 82.27395090291041
1013 121.3 82.535292914343
1014 121.4 82.79496481739473
1015 121.5 83.05296661206562
1016 121.6 83.30929829835566
1017 121.7 83.56395987626485
1018 121.8 83.81695134579319
1019 121.9 84.06827270694068
1020 122.0 84.31792395970731
1021 122.1 84.5659051040931
1022 122.2 84.81221614009804
1023 122.3 85.05685706772213
1024 122.4 85.29982788696537
1025 122.5 85.54112859782776
1026 122.6 85.7807592003093
1027 122.7 86.01871969441
1028 122.8 86.25501008012984
1029 122.9 86.48963035746883
1030 123.0 86.72258052642697
1031 123.1 86.95386058700426
1032 123.2 87.1834705392007
1033 123.3 87.41141038301629
1034 123.4 87.63768011845103
1035 123.5 87.86227974550492
1036 123.6 88.08520926417796
1037 123.7 88.30646867447017
1038 123.8 88.52605797638152
1039 123.9 88.74397716991201
1040 124.0 88.96022625506167
1041 124.1 89.17480523183046
1042 124.2 89.3877141002184
1043 124.3 89.5989528602255
1044 124.4 89.80852151185174
1045 124.5 90.01642005509713
1046 124.6 90.22264848996167
1047 124.7 90.42720681644538
1048 124.8 90.63009503454822
1049 124.9 90.83131314427021
1050 125.0 91.03086114561137
1051 125.1 91.22873903857167
1052 125.2 91.42494682315112
1053 125.3 91.61948449934972
1054 125.4 91.81235206716747
