0 20 0
1 20.05 -0.020684966560030448
2 20.1 -0.041329432037709425
3 20.15 -0.061933425415106894
4 20.2 -0.08249697560708563
5 20.25 -0.10302011146149351
6 20.3 -0.12350286175936537
7 20.35 -0.14394525521510923
8 20.4 -0.16434732047670345
9 20.45 -0.1847090861258921
10 20.5 -0.20503058067836905
11 20.55 -0.2253118325839742
12 20.6 -0.24555287022688257
13 20.65 -0.2657537219257902
14 20.7 -0.2859144159341067
15 20.75 -0.3060349804401406
16 20.8 -0.3261154435672885
17 20.85 -0.3461558333742198
18 20.9 -0.3661561778550609
19 20.95 -0.38611650493958344
20 21.0 -0.4060368424933851
21 21.05 -0.425917218318073
22 21.1 -0.4457576601514492
23 21.15 -0.4655581956676892
24 21.2 -0.48531885247752676
25 21.25 -0.5050396581284289
26 21.3 -0.5247206401047799
27 21.35 -0.5443618258280569
28 21.4 -0.5639632426570146
29 21.45 -0.583524917887854
30 21.5 -0.6030468787544068
31 21.55 -0.6225291524283061
32 21.6 -0.6419717660191655
33 21.65 -0.6613747465747519
34 21.7 -0.6807381210811608
35 21.75 -0.7000619164629868
36 21.8 -0.7193461595834995
37 21.85 -0.7385908772448158
38 21.9 -0.7577960961880695
39 21.95 -0.7769618430935826
40 22.0 -0.7960881445810323
41 22.05 -0.815175027209627
42 22.1 -0.8342225174782696
43 22.15 -0.8532306418257274
44 22.2 -0.8721994266307979
45 22.25 -0.8911288982124776
46 22.3 -0.9100190828301279
47 22.35 -0.9288700066836414
48 22.4 -0.9476816959136006
49 22.45 -0.9664541766014493
50 22.5 -0.9851874747696543
51 22.55 -1.0038816163818658
52 22.6 -1.0225366273430818
53 22.65 -1.0411525334998126
54 22.7 -1.05972936064023
55 22.75 -1.0782671344943433
56 22.8 -1.0967658807341487
57 22.85 -1.1152256249737929
58 22.9 -1.1336463927697273
59 22.95 -1.1520282096208723
60 23.0 -1.1703711009687698
61 23.05 -1.18867509219774
62 23.1 -1.206940208635041
63 23.15 -1.2251664755510205
64 23.2 -1.2433539181592717
65 23.25 -1.2615025616167896
66 23.3 -1.2796124310241195
67 23.35 -1.2976835514255194
68 23.4 -1.315715947809102
69 23.45 -1.3337096451069956
70 23.5 -1.351664668195489
71 23.55 -1.3695810418951844
72 23.6 -1.3874587909711502
73 23.65 -1.4052979401330676
74 23.7 -1.4230985140353793
75 23.75 -1.4408605372774412
76 23.8 -1.4585840344036671
77 23.85 -1.4762690299036774
78 23.9 -1.4939155482124473
79 23.95 -1.5115236137104495
80 24.0 -1.5290932507238042
81 24.05 -1.5466244835244232
82 24.1 -1.5641173363301513
83 24.15 -1.5815718333049122
84 24.2 -1.5989879985588544
85 24.25 -1.6163658561484924
86 24.3 -1.6337054300768479
87 24.35 -1.6510067442935936
88 24.4 -1.668269822695194
89 24.45 -1.6854946891250469
90 24.5 -1.7026813673736216
91 24.55 -1.7198298811786004
92 24.6 -1.7369402542250165
93 24.65 -1.7540125101453987
94 24.7 -1.771046672519898
95 24.75 -1.7880427648764377
96 24.8 -1.8050008106908404
97 24.85 -1.8219208333869743
98 24.9 -1.8388028563368806
99 24.95 -1.8556469028609146
100 25.0 -1.872452996227881
101 25.05 -1.889221159655162
102 25.1 -1.9059514163088616
103 25.15 -1.922643789303931
104 25.2 -1.9392983017043057
105 25.25 -1.9559149765230381
106 25.3 -1.9724938367224274
107 25.35 -1.9890349052141545
108 25.4 -2.00553820485941
109 25.45 -2.022003758469028
110 25.5 -2.0384315888036135
111 25.55 -2.0548217185736735
112 25.6 -2.0711741704397477
113 25.65 -2.0874889670125345
114 25.7 -2.1037661308530216
115 25.75 -2.120005684472613
116 25.8 -2.1362076503332568
117 25.85 -2.15237205084757
118 25.9 -2.1684989083789685
119 25.95 -2.1845882452417915
120 26.0 -2.2006400837014257
121 26.05 -2.216654445974435
122 26.1 -2.232631354228675
123 26.15 -2.2485708305834295
124 26.2 -2.264472897109527
125 26.25 -2.280337575829466
126 26.3 -2.2961648887175357
127 26.35 -2.3119548576999422
128 26.4 -2.3277075046549283
129 26.45 -2.343422851412893
130 26.5 -2.359100919756517
131 26.55 -2.374741731420879
132 26.6 -2.3903453080935777
133 26.65 -2.4059116714148505
134 26.7 -2.4214408429776983
135 26.75 -2.4369328443279947
136 26.8 -2.4523876969646135
137 26.85 -2.467805422339539
138 26.9 -2.48318604185799
139 26.95 -2.4985295768785356
140 27.0 -2.5138360487132068
141 27.05 -2.529105478627618
142 27.1 -2.5443378878410834
143 27.15 -2.559533297526729
144 27.2 -2.5746917288116102
145 27.25 -2.589813202776825
146 27.3 -2.6048977404576275
147 27.35 -2.619945362843545
148 27.4 -2.634956090878489
149 27.45 -2.6499299454608685
150 27.5 -2.6648669474437012
151 27.55 -2.6797671176347273
152 27.6 -2.694630476796525
153 27.65 -2.7094570456466136
154 27.7 -2.7242468448575705
155 27.75 -2.7389998950571415
156 27.8 -2.753716216828348
157 27.85 -2.768395830709599
158 27.9 -2.783038757194801
159 27.95 -2.7976450167334668
160 28.0 -2.8122146297308213
161 28.05 -2.826747616547914
162 28.1 -2.841243997501724
163 28.15 -2.855703792865268
164 28.2 -2.870127022867709
165 28.25 -2.8845137076944583
166 28.3 -2.8988638674872913
167 28.35 -2.9131775223444416
168 28.4 -2.927454692320717
169 28.45 -2.941695397427598
170 28.5 -2.9558996576333474
171 28.55 -2.97006749286311
172 28.6 -2.984198922999019
173 28.65 -2.9982939678803002
174 28.7 -3.0123526473033753
175 28.75 -3.0263749810219656
176 28.8 -3.040360988747192
177 28.85 -3.0543106901476804
178 28.9 -3.068224104849664
179 28.95 -3.082101252437079
180 29.0 -3.095942152451672
181 29.05 -3.109746824393099
182 29.1 -3.1235152877190266
183 29.15 -3.1372475618452302
184 29.2 -3.150943666145695
185 29.25 -3.164603619952716
186 29.3 -3.178227442556997
187 29.35 -3.19181515320775
188 29.4 -3.2053667711127907
189 29.45 -3.218882315438639
190 29.5 -3.232361805310615
191 29.55 -3.2458052598129408
192 29.6 -3.2592126979888323
193 29.65 -3.272584138840599
194 29.7 -3.28591960132974
195 29.75 -3.299219104377038
196 29.8 -3.3124826668626586
197 29.85 -3.3257103076262435
198 29.9 -3.3389020454670035
199 29.95 -3.352057899143818
200 30.0 -3.365177887375326
201 30.05 -3.3782620288400227
202 30.1 -3.3913103421763497
203 30.15 -3.4043228459827914
204 30.2 -3.4172995588179678
205 30.25 -3.4302404992007256
206 30.3 -3.4431456856102334
207 30.35 -3.4560151364860694
208 30.4 -3.46884887022832
209 30.45 -3.481646905197664
210 30.5 -3.4944092597154706
211 30.55 -3.507135952063883
212 30.6 -3.5198270004859182
213 30.65 -3.532482423185548
214 30.7 -3.545102238327792
215 30.75 -3.5576864640388113
216 30.8 -3.570235118405994
217 30.85 -3.5827482194780464
218 30.9 -3.5952257852650775
219 30.95 -3.607667833738694
220 31.0 -3.62007438283208
221 31.05 -3.6324454504400947
222 31.1 -3.6447810544193517
223 31.15 -3.6570812125883116
224 31.2 -3.669345942727365
225 31.25 -3.6815752625789226
226 31.3 -3.6937691898474982
227 31.35 -3.705927742199799
228 31.4 -3.7180509372648065
229 31.45 -3.730138792633865
230 31.5 -3.7421913258607664
231 31.55 -3.7542085544618358
232 31.6 -3.766190495916013
233 31.65 -3.7781371676649416
234 31.7 -3.7900485871130485
235 31.75 -3.8019247716276303
236 31.8 -3.8137657385389367
237 31.85 -3.825571505140252
238 31.9 -3.8373420886879797
239 31.95 -3.8490775064017244
240 32.0 -3.8607777754643746
241 32.05 -3.8724429130221845
242 32.1 -3.8840729361848556
243 32.15 -3.895667862025619
244 32.2 -3.9072277075813147
245 32.25 -3.9187524898524746
246 32.3 -3.9302422258034033
247 32.35 -3.941696932362258
248 32.4 -3.9531166264211275
249 32.45 -3.9645013248361134
250 32.5 -3.9758510444274098
251 32.55 -3.987165801979382
252 32.6 -3.9984456142406457
253 32.65 -4.009690497924147
254 32.7 -4.0209004697072395
255 32.75 -4.032075546231762
256 32.8 -4.04321574410412
257 32.85 -4.054321079895359
258 32.9 -4.065391570141245
259 32.95 -4.076427231342342
260 33.0 -4.087428079964087
261 33.05 -4.0983941324368685
262 33.1 -4.109325405156101
263 33.15 -4.120221914482303
264 33.2 -4.1310836767411745
265 33.25 -4.1419107082236675
266 33.3 -4.152703025186067
267 33.35 -4.163460643850065
268 33.4 -4.174183580402833
269 33.45 -4.184871850997096
270 33.5 -4.195525471751213
271 33.55 -4.206144458749247
272 33.6 -4.216728828041036
273 33.65 -4.227278595642277
274 33.7 -4.237793777534586
275 33.75 -4.248274389665583
276 33.8 -4.258720447948956
277 33.85 -4.269131968264542
278 33.9 -4.279508966458393
279 33.95 -4.289851458342852
280 34.0 -4.300159459696622
281 34.05 -4.310432986264843
282 34.1 -4.320672053759157
283 34.15 -4.330876677857786
284 34.2 -4.341046874205596
285 34.25 -4.351182658414176
286 34.3 -4.3612840460619005
287 34.35 -4.371351052694007
288 34.4 -4.381383693822661
289 34.45 -4.39138198492703
290 34.5 -4.40134594145335
291 34.55 -4.411275578814996
292 34.6 -4.421170912392553
293 34.65 -4.431031957533882
294 34.7 -4.4408587295541935
295 34.75 -4.45065124373611
296 34.8 -4.460409515329739
297 34.85 -4.47013355955274
298 34.9 -4.479823391590392
299 34.95 -4.489479026595661
300 35.0 -4.499100479689268
301 35.05 -4.508687765959757
302 35.1 -4.518240900463561
303 35.15 -4.527759898225068
304 35.2 -4.537244774236691
305 35.25 -4.54669554345893
306 35.3 -4.556112220820442
307 35.35 -4.565494821218104
308 35.4 -4.574843359517082
309 35.45 -4.584157850550895
310 35.5 -4.593438309121477
311 35.55 -4.602684749999248
312 35.6 -4.611897187923174
313 35.65 -4.621075637600836
314 35.7 -4.630220113708493
315 35.75 -4.639330630891143
316 35.8 -4.648407203762592
317 35.85 -4.657449846905514
318 35.9 -4.666458574871519
319 35.95 -4.67543340218121
320 36.0 -4.684374343324253
321 36.05 -4.693281412759436
322 36.1 -4.702154624914734
323 36.15 -4.710993994187371
324 36.2 -4.7197995349438795
325 36.25 -4.728571261520169
326 36.3 -4.737309188221581
327 36.35 -4.746013329322959
328 36.4 -4.7546836990687
329 36.45 -4.7633203116728255
330 36.5 -4.771923181319038
331 36.55 -4.780492322160781
332 36.6 -4.789027748321304
333 36.65 -4.797529473893721
334 36.7 -4.805997512941067
335 36.75 -4.814431879496367
336 36.8 -4.822832587562688
337 36.85 -4.831199651113206
338 36.9 -4.839533084091257
339 36.95 -4.847832900410404
340 37.0 -4.856099113954496
341 37.05 -4.864331738577721
342 37.1 -4.87253078810467
343 37.15 -4.880696276330395
344 37.2 -4.888828217020469
345 37.25 -4.896926623911041
346 37.3 -4.904991510708894
347 37.35 -4.913022891091508
348 37.4 -4.921020778707114
349 37.45 -4.928985187174752
350 37.5 -4.936916130084329
351 37.55 -4.944813620996675
352 37.6 -4.9526776734436035
353 37.65 -4.960508300927964
354 37.7 -4.968305516923704
355 37.75 -4.976069334875918
356 37.8 -4.983799768200913
357 37.85 -4.991496830286258
358 37.9 -4.999160534490842
359 37.95 -5.00679089414493
360 38.0 -5.01438792255022
361 38.05 -5.0219516329798966
362 38.1 -5.029482038678686
363 38.15 -5.036979152862913
364 38.2 -5.044442988720556
365 38.25 -5.0518735594113
366 38.3 -5.059270878066592
367 38.35 -5.066634957789694
368 38.4 -5.073965811655744
369 38.45 -5.0812634527117995
370 38.5 -5.0885278939769
371 38.55 -5.0957591484421165
372 38.6 -5.102957229070608
373 38.65 -5.110122148797671
374 38.7 -5.117253920530797
375 38.75 -5.124352557149724
376 38.8 -5.131418071506487
377 38.85 -5.138450476425475
378 38.9 -5.145449784703481
379 38.95 -5.152416009109754
380 39.0 -5.159349162386055
381 39.05 -5.166249257246702
382 39.1 -5.173116306378629
383 39.15 -5.179950322441437
384 39.2 -5.18675131806744
385 39.25 -5.193519305861723
386 39.3 -5.2002542984021884
387 39.35 -5.2069563082396115
388 39.4 -5.213625347897688
389 39.45 -5.220261429873086
390 39.5 -5.226864566635498
391 39.55 -5.233434770627688
392 39.6 -5.239972054265546
393 39.65 -5.246476429938135
394 39.7 -5.252947910007744
395 39.75 -5.259386506809934
396 39.8 -5.265792232653591
397 39.85 -5.272165099820975
398 39.9 -5.278505120567767
399 39.95 -5.284812307123123
400 40.0 -5.291086671689717
401 40.05 -5.2973282264437955
402 40.1 -5.303536983535223
403 40.15 -5.309712955087533
404 40.2 -5.3158561531979736
405 40.25 -5.321966589937558
406 40.3 -5.328044277351112
407 40.35 -5.334089227457323
408 40.4 -5.340101452248786
409 40.45 -5.346080963692052
410 40.5 -5.352027773727678
411 40.55 -5.3579418942702715
412 40.6 -5.363823337208538
413 40.65 -5.369672114405331
414 40.7 -5.375488237697695
415 40.75 -5.381271718896915
416 40.8 -5.387022569788563
417 40.85 -5.392740802132544
418 40.9 -5.398426427663143
419 40.95 -5.40407945808907
420 41.0 -5.4096999050935075
421 41.05 -5.415287780334157
422 41.1 -5.420843095443282
423 41.15 -5.426365862027759
424 41.2 -5.4318560916691165
425 41.25 -5.437313795923584
426 41.3 -5.44273898632214
427 41.35 -5.448131674370551
428 41.4 -5.453491871549421
429 41.45 -5.458819589314236
430 41.5 -5.464114839095406
431 41.55 -5.469377632298313
432 41.6 -5.474607980303353
433 41.65 -5.479805894465981
434 41.7 -5.484971386116758
435 41.75 -5.490104466561389
436 41.8 -5.495205147080774
437 41.85 -5.500273438931044
438 41.9 -5.5053093533436135
439 41.95 -5.510312901525217
440 42.0 -5.5152840946579555
441 42.05 -5.520222943899339
442 42.1 -5.525129460382328
443 42.15 -5.530003655215382
444 42.2 -5.534845539482496
445 42.25 -5.539655124243246
446 42.3 -5.544432420532831
447 42.35 -5.5491774393621185
448 42.4 -5.553890191717682
449 42.45 -5.558570688561844
450 42.5 -5.563218940832724
451 42.55 -5.567834959444271
452 42.6 -5.572418755286315
453 42.65 -5.576970339224601
454 42.7 -5.581489722100832
455 42.75 -5.585976914732717
456 42.8 -5.590431927914003
457 42.85 -5.594854772414522
458 42.9 -5.599245458980232
459 42.95 -5.603603998333254
460 43.0 -5.607930401171916
461 43.05 -5.612224678170794
462 43.1 -5.61648683998075
463 43.15 -5.620716897228975
464 43.2 -5.624914860519029
465 43.25 -5.6290807404308785
466 43.3 -5.633214547520939
467 43.35 -5.637316292322117
468 43.4 -5.641385985343844
469 43.45 -5.645423637072122
470 43.5 -5.649429257969559
471 43.55 -5.65340285847541
472 43.6 -5.657344449005617
473 43.65 -5.661254039952848
474 43.7 -5.665131641686534
475 43.75 -5.668977264552912
476 43.8 -5.67279091887506
477 43.85 -5.676572614952938
478 43.9 -5.680322363063425
479 43.95 -5.684040173460359
480 44.0 -5.687726056374576
481 44.05 -5.691380022013944
482 44.1 -5.695002080563408
483 44.15 -5.698592242185021
484 44.2 -5.702150517017987
485 44.25 -5.705676915178697
486 44.3 -5.709171446760765
487 44.35 -5.712634121835069
488 44.4 -5.716064950449787
489 44.45 -5.719463942630433
490 44.5 -5.722831108379895
491 44.55 -5.726166457678473
492 44.6 -5.729470000483917
493 44.65 -5.7327417467314605
494 44.7 -5.735981706333859
495 44.75 -5.739189889181428
496 44.8 -5.742366305142077
497 44.85 -5.745510964061348
498 44.9 -5.748623875762453
499 44.95 -5.751705050046306
500 45.0 -5.754754496691562
501 45.05 -5.757772225454652
502 45.1 -5.760758246069822
503 45.15 -5.763712568249164
504 45.2 -5.766635201682654
505 45.25 -5.769526156038188
506 45.3 -5.772385440961616
507 45.35 -5.775213066076781
508 45.4 -5.778009040985549
509 45.45 -5.780773375267848
510 45.5 -5.783506078481701
511 45.55 -5.786207160163262
512 45.6 -5.788876629826851
513 45.65 -5.791514496964988
514 45.7 -5.794120771048427
515 45.75 -5.796695461526193
516 45.8 -5.799238577825613
517 45.85 -5.801750129352354
518 45.9 -5.804230125490454
519 45.95 -5.806678575602358
520 46.0 -5.80909548902895
521 46.05 -5.8114808750895905
522 46.1 -5.813834743082147
523 46.15 -5.816157102283029
524 46.2 -5.8184479619472205
525 46.25 -5.820707331308315
526 46.3 -5.8229352195785475
527 46.35 -5.82513163594883
528 46.4 -5.827296589588783
529 46.45 -5.829430089646766
530 46.5 -5.831532145249916
531 46.55 -5.833602765504177
532 46.6 -5.835641959494334
533 46.65 -5.837649736284042
534 46.7 -5.839626104915864
535 46.75 -5.841571074411303
536 46.8 -5.843484653770829
537 46.85 -5.845366851973916
538 46.9 -5.847217677979073
539 46.95 -5.849037140723877
540 47.0 -5.850825249125002
541 47.05 -5.852582012078255
542 47.1 -5.854307438458604
543 47.15 -5.856001537120213
544 47.2 -5.857664316896471
545 47.25 -5.859295786600024
546 47.3 -5.860895955022809
547 47.35 -5.862464830936081
548 47.4 -5.864002423090448
549 47.45 -5.865508740215901
550 47.5 -5.866983791021843
551 47.55 -5.868427584197123
552 47.6 -5.869840128410065
553 47.65 -5.871221432308498
554 47.7 -5.87257150451979
555 47.75 -5.873890353650876
556 47.8 -5.8751779882882875
557 47.85 -5.876434416998186
558 47.9 -5.877659648326389
559 47.95 -5.878853690798407
560 48.0 -5.880016552919467
561 48.05 -5.881148243174543
562 48.1 -5.882248770028392
563 48.15 -5.883318141925576
564 48.2 -5.884356367290499
565 48.25 -5.885363454527429
566 48.3 -5.886339412020535
567 48.35 -5.887284248133911
568 48.4 -5.88819797121161
569 48.45 -5.8890805895776674
570 48.5 -5.889932111536137
571 48.55 -5.8907525453711145
572 48.6 -5.8915418993467705
573 48.65 -5.892300181707376
574 48.7 -5.893027400677334
575 48.75 -5.893723564461207
576 48.8 -5.894388681243747
577 48.85 -5.895022759189921
578 48.9 -5.895625806444942
579 48.95 -5.896197831134298
580 49.0 -5.8967388413637805
581 49.05 -5.897248845219508
582 49.1 -5.897727850767961
583 49.15 -5.898175866056004
584 49.2 -5.898592899110918
585 49.25 -5.898978957940427
586 49.3 -5.899334050532725
587 49.35 -5.899658184856504
588 49.4 -5.899951368860982
589 49.45 -5.900213610475931
590 49.5 -5.900444917611703
591 49.55 -5.900645298159259
592 49.6 -5.900814759990196
593 49.65 -5.900953310956773
594 49.7 -5.901060958891939
595 49.75 -5.901137711609363
596 49.8 -5.901183576903454
597 49.85 -5.9011985625493955
598 49.9 -5.901182676303166
599 49.95 -5.9011359259015705
600 50.0 -5.9010583190622645
601 50.05 -5.900949863483782
602 50.1 -5.900810566845561
603 50.15 -5.9006404368079695
604 50.2 -5.900439481012334
605 50.25 -5.900207707080964
606 50.3 -5.899945122617178
607 50.35 -5.899651735205332
608 50.4 -5.899327552410839
609 50.45 -5.898972581780205
610 50.5 -5.8985868308410465
611 50.55 -5.898170307102121
612 50.6 -5.897723018053349
613 50.65 -5.897244971165843
614 50.7 -5.89673617389193
615 50.75 -5.896196633665181
616 50.8 -5.895626357900433
617 50.85 -5.895025353993814
618 50.9 -5.894393629322772
619 50.95 -5.893731191246094
620 51.0 -5.893038047103939
621 51.05 -5.892314204217857
622 51.1 -5.891559669890815
623 51.15 -5.890774451407222
624 51.2 -5.8899585560329575
625 51.25 -5.88911199101539
626 51.3 -5.888234763583406
627 51.35 -5.887326880947433
628 51.4 -5.886388350299463
629 51.45 -5.885419178813081
630 51.5 -5.8844193736434836
631 51.55 -5.883388941927507
632 51.6 -5.88232789078365
633 51.65 -5.881236227312099
634 51.7 -5.880113958594752
635 51.75 -5.878961091695238
636 51.8 -5.877777633658951
637 51.85 -5.8765635915130625
638 51.9 -5.875318972266553
639 51.95 -5.87404378291023
640 52.0 -5.87273803041676
641 52.05 -5.87140172174068
642 52.1 -5.870034863818433
643 52.15 -5.8686374635683825
644 52.2 -5.867209527890841
645 52.25 -5.865751063668091
646 52.3 -5.864262077764407
647 52.35 -5.862742577026084
648 52.4 -5.861192568281452
649 52.45 -5.859612058340907
650 52.5 -5.8580010539969285
651 52.55 -5.856359562024106
652 52.6 -5.854687589179158
653 52.65 -5.852985142200959
654 52.7 -5.851252227810558
655 52.75 -5.849488852711203
656 52.8 -5.847695023588364
657 52.85 -5.845870747109753
658 52.9 -5.844016029925351
659 52.95 -5.842130878667423
660 53.0 -5.8402152999505486
661 53.05 -5.8382693003716355
662 53.1 -5.836292886509949
663 53.15 -5.834286064927131
664 53.2 -5.8322488421672185
665 53.25 -5.830181224756672
666 53.3 -5.828083219204393
667 53.35 -5.825954832001745
668 53.4 -5.823796069622579
669 53.45 -5.82160693852325
670 53.5 -5.819387445142645
671 53.55 -5.817137595902198
672 53.6 -5.814857397205913
673 53.65 -5.812546855440391
674 53.7 -5.810205976974841
675 53.75 -5.807834768161112
676 53.8 -5.805433235333704
677 53.85 -5.803001384809797
678 53.9 -5.800539222889268
679 53.95 -5.7980467558547115
680 54.0 -5.795523989971463
681 54.05 -5.792970931487618
682 54.1 -5.790387586634052
683 54.15 -5.787773961624445
684 54.2 -5.785130062655294
685 54.25 -5.782455895905944
686 54.3 -5.7797514675386
687 54.35 -5.777016783698351
688 54.4 -5.774251850513191
689 54.45 -5.771456674094037
690 54.5 -5.76863126053475
691 54.55 -5.765775615912157
692 54.6 -5.762889746286068
693 54.65 -5.759973657699296
694 54.7 -5.757027356177682
695 54.75 -5.754050847730108
696 54.8 -5.751044138348521
697 54.85 -5.748007234007953
698 54.9 -5.744940140666538
699 54.95 -5.741842864265532
700 55.0 -5.738715410729337
701 55.05 -5.735557785965514
702 55.1 -5.732369995864807
703 55.15 -5.72915204630116
704 55.2 -5.725903943131738
705 55.25 -5.722625692196945
706 55.3 -5.719317299320443
707 55.35 -5.715978770309174
708 55.4 -5.712610110953373
709 55.45 -5.709211327026595
710 55.5 -5.705782424285727
711 55.55 -5.70232340847101
712 55.6 -5.6988342853060585
713 55.65 -5.695315060497877
714 55.7 -5.691765739736881
715 55.75 -5.688186328696913
716 55.8 -5.684576833035265
717 55.85 -5.6809372583926905
718 55.9 -5.677267610393432
719 55.95 -5.673567894645232
720 56.0 -5.669838116739354
721 56.05 -5.6660782822505995
722 56.1 -5.662288396737329
723 56.15 -5.658468465741479
724 56.2 -5.654618494788577
725 56.25 -5.6507384893877655
726 56.3 -5.646828455031813
727 56.35 -5.642888397197139
728 56.4 -5.6389183213438265
729 56.45 -5.634918232915642
730 56.5 -5.630888137340054
731 56.55 -5.626828040028247
732 56.6 -5.622737946375145
733 56.65 -5.618617861759425
734 56.7 -5.614467791543534
735 56.75 -5.61028774107371
736 56.8 -5.606077715679996
737 56.85 -5.60183772067626
738 56.9 -5.597567761360208
739 56.95 -5.593267843013409
740 57.0 -5.588937970901303
741 57.05 -5.584578150273225
742 57.1 -5.580188386362418
743 57.15 -5.5757686843860546
744 57.2 -5.571319049545249
745 57.25 -5.566839487025074
746 57.3 -5.562330001994583
747 57.35 -5.557790599606823
748 57.4 -5.55322128499885
749 57.45 -5.54862206329175
750 57.5 -5.543992939590651
751 57.55 -5.5393339189847435
752 57.6 -5.5346450065472945
753 57.65 -5.529926207335665
754 57.7 -5.525177526391325
755 57.75 -5.520398968739875
756 57.8 -5.515590539391053
757 57.85 -5.51075224333876
758 57.9 -5.50588408556107
759 57.95 -5.500986071020251
760 58.0 -5.496058204662775
761 58.05 -5.491100491419341
762 58.1 -5.486112936204885
763 58.15 -5.481095543918599
764 58.2 -5.476048319443948
765 58.25 -5.470971267648682
766 58.3 -5.465864393384856
767 58.35 -5.460727701488841
768 58.4 -5.4555611967813435
769 58.45 -5.4503648840674215
770 58.5 -5.445138768136496
771 58.55 -5.439882853762369
772 58.6 -5.434597145703242
773 58.65 -5.429281648701724
774 58.7 -5.423936367484854
775 58.75 -5.418561306764113
776 58.8 -5.413156471235439
777 58.85 -5.4077218655792425
778 58.9 -5.402257494460423
779 58.95 -5.396763362528383
780 59.0 -5.391239474417042
781 59.05 -5.385685834744854
782 59.1 -5.380102448114821
783 59.15 -5.374489319114505
784 59.2 -5.36884645231605
785 59.25 -5.363173852276189
786 59.3 -5.357471523536264
787 59.35 -5.35173947062224
788 59.4 -5.345977698044716
789 59.45 -5.340186210298943
790 59.5 -5.334365011864837
791 59.55 -5.328514107206996
792 59.6 -5.322633500774712
793 59.65 -5.316723197001984
794 59.7 -5.310783200307537
795 59.75 -5.30481351509483
796 59.8 -5.298814145752077
797 59.85 -5.292785096652257
798 59.9 -5.286726372153129
799 59.95 -5.280637976597244
800 60.0 -5.274519914311965
801 60.05 -5.268372189609474
802 60.1 -5.26219480678679
803 60.15 -5.255987770125783
804 60.2 -5.249751083893185
805 60.25 -5.243484752340605
806 60.3 -5.237188779704547
807 60.35 -5.2308631702064154
808 60.4 -5.224507928052537
809 60.45 -5.218123057434168
810 60.5 -5.2117085625275115
811 60.55 -5.20526444749373
812 60.6 -5.198790716478958
813 60.65 -5.192287373614316
814 60.7 -5.185754423015925
815 60.75 -5.179191868784917
816 60.8 -5.172599715007452
817 60.85 -5.1659779657547285
818 60.9 -5.159326625082996
819 60.95 -5.15264569703357
820 61.0 -5.145935185632846
821 61.05 -5.139195094892308
822 61.1 -5.132425428808548
823 61.15 -5.125626191363272
824 61.2 -5.11879738652332
825 61.25 -5.111939018240671
826 61.3 -5.105051090452463
827 61.35 -5.098133607081001
828 61.4 -5.091186572033772
829 61.45 -5.084209989203457
830 61.5 -5.077203862467943
831 61.55 -5.070168195690337
832 61.6 -5.063102992718975
833 61.65 -5.056008257387441
834 61.7 -5.048883993514574
835 61.75 -5.041730204904479
836 61.8 -5.034546895346547
837 61.85 -5.027334068615458
838 61.9 -5.0200917284712006
839 61.95 -5.012819878659079
840 62.0 -5.00551852290973
841 62.05 -4.998187664939129
842 62.1 -4.990827308448609
843 62.15 -4.983437457124868
844 62.2 -4.976018114639981
845 62.25 -4.968569284651413
846 62.3 -4.961090970802033
847 62.35 -4.953583176720121
848 62.4 -4.946045906019385
849 62.45 -4.938479162298966
850 62.5 -4.93088294914346
851 62.55 -4.923257270122919
852 62.6 -4.915602128792868
853 62.65 -4.907917528694315
854 62.7 -4.900203473353766
855 62.75 -4.892459966283232
856 62.8 -4.88468701098024
857 62.85 -4.87688461092785
858 62.9 -4.869052769594661
859 62.95 -4.861191490434824
860 63.0 -4.853300776888053
861 63.05 -4.845380632379638
862 63.1 -4.837431060320454
863 63.15 -4.829452064106972
864 63.2 -4.821443647121271
865 63.25 -4.81340581273105
866 63.3 -4.805338564289637
867 63.35 -4.797241905136001
868 63.4 -4.789115838594765
869 63.45 -4.780960367976211
870 63.5 -4.772775496576295
871 63.55 -4.764561227676659
872 63.6 -4.75631756454464
873 63.65 -4.748044510433279
874 63.7 -4.739742068581333
875 63.75 -4.731410242213289
876 63.8 -4.723049034539367
877 63.85 -4.714658448755539
878 63.9 -4.7062384880435335
879 63.95 -4.697789155570847
880 64.0 -4.689310454490757
881 64.05 -4.68080238794233
882 64.1 -4.672264959050431
883 64.15 -4.663698170925739
884 64.2 -4.655102026664748
885 64.25 -4.646476529349786
886 64.3 -4.637821682049022
887 64.35 -4.629137487816475
888 64.4 -4.620423949692024
889 64.45 -4.611681070701421
890 64.5 -4.602908853856295
891 64.55 -4.594107302154171
892 64.6 -4.585276418578471
893 64.65 -4.5763094030834335
894 64.7 -4.56729054088701
895 64.75 -4.558220286319718
896 64.8 -4.549099082560875
897 64.85 -4.539927362081843
898 64.9 -4.530705547065266
899 64.95 -4.5214340498019086
900 65.0 -4.512113273066611
901 65.05 -4.502743610474714
902 65.1 -4.493325446820228
903 65.15 -4.483859158396922
904 65.2 -4.474345113303404
905 65.25 -4.4647836717331995
906 65.3 -4.455175186250753
907 65.35 -4.445520002054206
908 65.4 -4.435818457225749
909 65.45 -4.426070882970293
910 65.5 -4.416277603843128
911 65.55 -4.406438937967239
912 65.6 -4.396555197240827
913 65.65 -4.386626687535642
914 65.7 -4.376653708886595
915 65.75 -4.3666365556731614
916 65.8 -4.356575516793018
917 65.85 -4.346470875828321
918 65.9 -4.336322911205039
919 65.95 -4.326131896345691
920 66.0 -4.315898099815839
921 66.05 -4.305621785464663
922 66.1 -4.295303212559915
923 66.15 -4.284942635917541
924 66.2 -4.2745403060262275
925 66.25 -4.264096469167144
926 66.3 -4.253611367529089
927 66.35 -4.243085239319291
928 66.4 -4.23251831887005
929 66.45 -4.221910836741429
930 66.5 -4.211263019820181
931 66.55 -4.200575091415079
932 66.6 -4.189847271348825
933 66.65 -4.179079776046682
934 66.7 -4.1682728186219915
935 66.75 -4.157426608958701
936 66.8 -4.146541353791046
937 66.85 -4.135617256780502
938 66.9 -4.124654518590129
939 66.95 -4.1136533369564265
940 67.0 -4.102613906758795
941 67.05 -4.091536420086712
942 67.1 -4.0804210663047105
943 67.15 -4.069268032115267
944 67.2 -4.058077501619664
945 67.25 -4.046849656376928
946 67.3 -4.035584675460908
947 67.35 -4.024282735515574
948 67.4 -4.012944010808614
949 67.45 -4.001568673283372
950 67.5 -3.9901568926092263
951 67.55 -3.9787088362304392
952 67.6 -3.96722466941355
953 67.65 -3.955704555293366
954 67.7 -3.944148654917602
955 67.75 -3.9325571272902207
956 67.8 -3.920930129413519
957 67.85 -3.9092678163290095
958 67.9 -3.897570341157144
959 67.95 -3.88583785513591
960 68.0 -3.8740705076583546
961 68.05 -3.862268446309065
962 68.1 -3.850431816899643
963 68.15 -3.838560763503212
964 68.2 -3.826655428487993
965 68.25 -3.81471595254997
966 68.3 -3.802742474744689
967 68.35 -3.7907351325182144
968 68.4 -3.7786940617372675
969 68.45 -3.7666193967185873
970 68.5 -3.7545112702575203
971 68.55 -3.742369813655885
972 68.6 -3.7301951567491174
973 68.65 -3.7179874279327327
974 68.7 -3.7057467541881253
975 68.75 -3.6934732611077137
976 68.8 -3.6811670729194734
977 68.85 -3.668828312510859
978 68.9 -3.656457101452144
979 68.95 -3.644053560019192
980 69.0 -3.631617807215682
981 69.05 -3.6191499607947994
982 69.1 -3.606650137280407
983 69.15 -3.5941184519877267
984 69.2 -3.581555019043524
985 69.25 -3.568959951405831
986 69.3 -3.5563333608832086
987 69.35 -3.5436753581535663
988 69.4 -3.5309860527825485
989 69.45 -3.518265553241513
990 69.5 -3.5055139669250934
991 69.55 -3.492731400168375
992 69.6 -3.479917958263684
993 69.65 -3.4670737454770078
994 69.7 -3.4541988650640536
995 69.75 -3.441293419285956
996 69.8 -3.428357509424645
997 69.85 -3.4153912357978777
998 69.9 -3.4023946977739556
999 69.95 -3.389367993786117
1000 70.0 -3.376311221346638
1001 70.05 -3.363224477060627
1002 70.1 -3.3501078566395304
1003 70.15 -3.3369614549143667
1004 70.2 -3.3237853658486753
1005 70.25 -3.310579682551203
1006 70.3 -3.2973444972883366
1007 70.35 -3.284079901496278
1008 70.4 -3.2707859857929695
1009 70.45 -3.2574628399897922
1010 70.5 -3.2441105531030128
1011 70.55 -3.2307292133650205
1012 70.6 -3.217318908235333
1013 70.65 -3.203879724411384
1014 70.7 -3.1904117478391116
1015 70.75 -3.1769150637233237
1016 70.8 -3.1633897565378835
1017 70.85 -3.1498359100356805
1018 70.9 -3.136253607258425
1019 70.95 -3.1226429305462524
1020 71.0 -3.10900396154714
1021 71.05 -3.0953367812261554
1022 71.1 -3.081641469874528
1023 71.15 -3.067918107118553
1024 71.2 -3.0541667719283314
1025 71.25 -3.0403875426263465
1026 71.3 -3.026580496895883
1027 71.35 -3.0127457117893046
1028 71.4 -2.99888326373616
1029 71.45 -2.9849932285511667
1030 71.5 -2.971075681442032
1031 71.55 -2.957130697017147
1032 71.6 -2.9431583492931424
1033 71.65 -2.9291587117023052
1034 71.7 -2.9151318570998703
1035 71.75 -2.901077857771182
1036 71.8 -2.886996785438732
1037 71.85 -2.8728887112690824
1038 71.9 -2.858753705879654
1039 71.95 -2.8445918393454153
1040 72.0 -2.830403181205444
1041 72.05 -2.816187800469389
1042 72.1 -2.801945765623814
1043 72.15 -2.7876771446384363
1044 72.2 -2.7733820049722673
1045 72.25 -2.7590604135796464
1046 72.3 -2.7447124369161715
1047 72.35 -2.730338140944542
1048 72.4 -2.7159375911402934
1049 72.45 -2.701510852497447
1050 72.5 -2.6870579895340674
1051 72.55 -2.6725790662977253
1052 72.6 -2.6580741463708777
1053 72.65 -2.643543292876159
1054 72.7 -2.6289865684815887
1055 72.75 -2.614404035405693
1056 72.8 -2.5997957554225524
1057 72.85 -2.5851617898667625
1058 72.9 -2.5705021996383257
1059 72.95 -2.5558170452074584
1060 73.0 -2.5411063866193255
1061 73.05 -2.5263702834987063
1062 73.1 -2.511608795054582
1063 73.15 -2.4968219800846607
1064 73.2 -2.482009896979825
1065 73.25 -2.4671726037285175
1066 73.3 -2.452310157921062
1067 73.35 -2.4374226167539086
1068 73.4 -2.422510037033831
1069 73.45 -2.4075724751820533
1070 73.5 -2.3926099872383073
1071 73.55 -2.3776226288648443
1072 73.6 -2.3626104553503797
1073 73.65 -2.3475735216139824
1074 73.7 -2.332511882208905
1075 73.75 -2.3174255913263613
1076 73.8 -2.302314702799244
1077 73.85 -2.2871792701057956
1078 73.9 -2.272019346373225
1079 73.95 -2.2568349843812645
1080 74.0 -2.241626236565687
1081 74.05 -2.226393155021768
1082 74.1 -2.2111357915076955
1083 74.15 -2.1958541974479417
1084 74.2 -2.1805484239365756
1085 74.25 -2.1652185217405373
1086 74.3 -2.1498645413028687
1087 74.35 -2.1344865327458877
1088 74.4 -2.1190845458743297
1089 74.45 -2.1036586301784452
1090 74.5 -2.088208834837047
1091 74.55 -2.0727352087205233
1092 74.6 -2.057237800393809
1093 74.65 -2.041716658119316
1094 74.7 -2.026171829859819
1095 74.75 -2.0106033632813136
1096 74.8 -1.9950113057558225
1097 74.85 -1.9793957043641777
1098 74.9 -1.9637566058987574
1099 74.95 -1.9480940568661829
1100 75.0 -1.9324081034899947
1101 75.05 -1.916698791713283
1102 75.1 -1.9009661672012792
1103 75.15 -1.8852102753439304
1104 75.2 -1.8694311612584211
1105 75.25 -1.85362886979167
1106 75.3 -1.8378034455228076
1107 75.35 -1.8219549327655973
1108 75.4 -1.8060833755708487
1109 75.45 -1.7901888177287804
1110 75.5 -1.7742713027713712
1111 75.55 -1.7583308739746693
1112 75.6 -1.7423675743610738
1113 75.65 -1.7263814467015923
1114 75.7 -1.7103725335180646
1115 75.75 -1.694340877085369
1116 75.8 -1.678286519433584
1117 75.85 -1.6622095023501386
1118 75.9 -1.6461098673819325
1119 75.95 -1.629987655837425
1120 76.0 -1.6138429087887007
1121 76.05 -1.5976756670735135
1122 76.1 -1.5814859712973024
1123 76.15 -1.5652738618351862
1124 76.2 -1.5490393788339238
1125 76.25 -1.5327825622138684
1126 76.3 -1.5165034516708837
1127 76.35 -1.5002020866782395
1128 76.4 -1.483878506488493
1129 76.45 -1.4675327501353366
1130 76.5 -1.451164856435436
1131 76.55 -1.4347748639902282
1132 76.6 -1.4183628111877258
1133 76.65 -1.401928736204272
1134 76.7 -1.3854726770062917
1135 76.75 -1.3689946713520194
1136 76.8 -1.3524947567932017
1137 76.85 -1.3359729706767893
1138 76.9 -1.3194293501466015
1139 76.95 -1.3028639321449713
1140 77.0 -1.2862767534143815
1141 77.05 -1.26966785049907
1142 77.1 -1.253037259746628
1143 77.15 -1.2363850173095616
1144 77.2 -1.2197111591468695
1145 77.25 -1.2030157210255594
1146 77.3 -1.1862987385221866
1147 77.35 -1.1695602470243518
1148 77.4 -1.152800281732185
1149 77.45 -1.136018877659826
1150 77.5 -1.119216069636875
1151 77.55 -1.1023918923098306
1152 77.6 -1.0855463801435121
1153 77.65 -1.0686795674224723
1154 77.7 -1.051791488252384
1155 77.75 -1.034882176561422
1156 77.8 -1.0179516661016188
1157 77.85 -1.0009999904502187
1158 77.9 -0.9840271830110069
1159 77.95 -0.9670332770156228
1160 78.0 -0.950018305524876
1161 78.05 -0.9329823014300245
1162 78.1 -0.9159252974540611
1163 78.15 -0.898847326152966
1164 78.2 -0.8817484199169657
1165 78.25 -0.8646286109717598
1166 78.3 -0.8474879313797531
1167 78.35 -0.8303264130412649
1168 78.4 -0.8131440876957132
1169 78.45 -0.7959409869228201
1170 78.5 -0.7787171421437692
1171 78.55 -0.7614725846223687
1172 78.6 -0.7442073454662094
1173 78.65 -0.7269214556277863
1174 78.7 -0.7096149459056335
1175 78.75 -0.6922878469454371
1176 78.8 -0.6749401892411321
1177 78.85 -0.6575720031359991
1178 78.9 -0.6401833188237358
1179 78.95 -0.6227741663495363
1180 79.0 -0.6053445756111339
1181 79.05 -0.5878945763598683
1182 79.1 -0.5704241982017002
1183 79.15 -0.5529334705982535
1184 79.2 -0.5354224228678252
1185 79.25 -0.5178910841863875
1186 79.3 -0.50033948358859
1187 79.35 -0.4827676499687411
1188 79.4 -0.4651756120817878
1189 79.45 -0.4475633985442773
1190 79.5 -0.42993103783531794
1191 79.55 -0.41227855829752025
1192 79.6 -0.3946059881379461
1193 79.65 -0.37691335542902965
1194 79.7 -0.3592006881094925
1195 79.75 -0.34146801398526827
1196 79.8 -0.323715360730393
1197 79.85 -0.30594275588790587
1198 79.9 -0.28815022687073155
1199 79.95 -0.27033780096255333
1200 80.0 -0.25250550531868643
1201 80.05 -0.23465336696693254
1202 80.1 -0.2167814128084376
1203 80.15 -0.19888966961852672
1204 80.2 -0.18097816404754982
1205 80.25 -0.16304692262170015
1206 80.3 -0.14509597174383643
1207 80.35 -0.12712533769429551
1208 80.4 -0.10913504663169912
1209 80.45 -0.09112512459374886
1210 80.5 -0.07309559749801535
1211 80.55 -0.0550464911427157
1212 80.6 -0.03697783120749558
1213 80.65 -0.018889643254194444
1214 80.7 -0.0007819527276052805
1215 80.75 0.017345215043775015
1216 80.8 0.035491834846990464
1217 80.85 0.05365788158389574
1218 80.9 0.07184333027041614
1219 80.95 0.09004815603582758
1220 81.0 0.10827233412203216
1221 81.05 0.1265158398828436
1222 81.1 0.14477864878328695
1223 81.15 0.16306073639889543
1224 81.2 0.18136207841501145
1225 81.25 0.1996826506261089
1226 81.3 0.21802242893509885
1227 81.35 0.23638138935266514
1228 81.4 0.2547595079965893
1229 81.45 0.27315676109108983
1230 81.5 0.2915731249661622
1231 81.55 0.31000857605692866
1232 81.6 0.3284630909029863
1233 81.65 0.3469366461477823
1234 81.7 0.3654292185379531
1235 81.75 0.38394078492272915
1236 81.8 0.4024713222532774
1237 81.85 0.4210208075821078
1238 81.9 0.43958921806243983
1239 81.95 0.45817653094762045
1240 82.0 0.4767827235904922
1241 82.05 0.49540777344282194
1242 82.1 0.5140516580546972
1243 82.15 0.5327143550739348
1244 82.2 0.5513958422455101
1245 82.25 0.5700960974109723
1246 82.3 0.5888150985078766
1247 82.35 0.6075528235692083
1248 82.4 0.6263092507228327
1249 82.45 0.6450843581909348
1250 82.5 0.6638781242894559
1251 82.55 0.6826905274275584
1252 82.6 0.7015215461070812
1253 82.65 0.7203711589219923
1254 82.7 0.7392393445578602
1255 82.75 0.7581260817913223
1256 82.8 0.7770313494895549
1257 82.85 0.7959551266097695
1258 82.9 0.8148973921986726
1259 82.95 0.8338581253919763
1260 83.0 0.8528373054138614
1261 83.05 0.8718349115764967
1262 83.1 0.8908509232795353
1263 83.15 0.9098853200096135
1264 83.2 0.9289380813398573
1265 83.25 0.9480091869294054
1266 83.3 0.967098616522914
1267 83.35 0.986206349950078
1268 83.4 1.005332367125159
1269 83.45 1.024476648046516
1270 83.5 1.043639172796127
1271 83.55 1.06281992153914
1272 83.6 1.0820188745233927
1273 83.65 1.101236012078976
1274 83.7 1.1204713146177525
1275 83.75 1.1397247626329512
1276 83.8 1.1589963366986686
1277 83.85 1.1782860174694674
1278 83.9 1.1975937856799164
1279 83.95 1.2169196221441585
1280 84.0 1.2362635077554867
1281 84.05 1.2556254234858992
1282 84.1 1.2750053503856837
1283 84.15 1.2944032695830119
1284 84.2 1.3138191622834874
1285 84.25 1.333253009769742
1286 84.3 1.3527047934010463
1287 84.35 1.372174494612871
1288 84.4 1.3916620949164904
1289 84.45 1.4111675758985904
1290 84.5 1.430690919220847
1291 84.55 1.4502321066195603
1292 84.6 1.4697911199052303
1293 84.65 1.4893679409621827
1294 84.7 1.50896255174818
1295 84.75 1.5285749342940338
1296 84.8 1.548205070703229
1297 84.85 1.5678529431515364
1298 84.9 1.5875185338866469
1299 84.95 1.607201825227786
1300 85.0 1.6269027995653553
1301 85.05 1.6466214393605643
1302 85.1 1.6663577271450585
1303 85.15 1.6861116455205647
1304 85.2 1.7058831771585228
1305 85.25 1.725672304799749
1306 85.3 1.745479011254061
1307 85.35 1.7653032793999288
1308 85.4 1.7851450921841416
1309 85.45 1.8050044326214494
1310 85.5 1.8248812837942308
1311 85.55 1.8447756288521309
1312 85.6 1.8646874510117517
1313 85.65 1.8846167335562958
1314 85.7 1.9045634598352372
1315 85.75 1.9245276132639964
1316 85.8 1.9445091773236016
1317 85.85 1.9645081355603835
1318 85.9 1.9845244715856243
1319 85.95 2.0045581690752643
1320 86.0 2.024609211769555
1321 86.05 2.044677583472768
1322 86.1 2.06476326805286
1323 86.15 2.0848662494411796
1324 86.2 2.1049865116321413
1325 86.25 2.125124038682936
1326 86.3 2.1452788147132043
1327 86.35 2.1654508239047563
1328 86.4 2.185640050501243
1329 86.45 2.205846478807888
1330 86.5 2.2260700931911708
1331 86.55 2.24631087807854
1332 86.6 2.2665688179581176
1333 86.65 2.2868438973784175
1334 86.7 2.307136100948042
1335 86.75 2.327445413335414
1336 86.8 2.347771819268476
1337 86.85 2.3681153035344105
1338 86.9 2.3884758509793755
1339 86.95 2.4088534465082136
1340 87.0 2.429248075084173
1341 87.05 2.449659721728635
1342 87.1 2.470088371520856
1343 87.15 2.4905340095976842
1344 87.2 2.5109966211532817
1345 87.25 2.5314761914388866
1346 87.3 2.5519727057625166
1347 87.35 2.5724861494887246
1348 87.4 2.5930165080383363
1349 87.45 2.613563766888182
1350 87.5 2.634127911570848
1351 87.55 2.6547089276744242
1352 87.6 2.675306800842234
1353 87.65 2.6959215167725965
1354 87.7 2.71655306121857
1355 87.75 2.7372014199877004
1356 87.8 2.757866578941791
1357 87.85 2.7785485239966285
1358 87.9 2.7992472411217637
1359 87.95 2.819962716340266
1360 88.0 2.840694935728472
1361 88.05 2.8614438854157465
1362 88.1 2.8822095515842583
1363 88.15 2.9029919204687404
1364 88.2 2.9237909783562452
1365 88.25 2.9446067115859296
1366 88.3 2.965439106548809
1367 88.35 2.9862881496875273
1368 88.4 3.007153827496156
1369 88.45 3.0280361265199236
1370 88.5 3.0489350333550314
1371 88.55 3.069850534648408
1372 88.6 3.090782617097484
1373 88.65 3.1117312674499984
1374 88.7 3.1326964725037536
1375 88.75 3.1536782191064026
1376 88.8 3.174676494155245
1377 88.85 3.195691284597
1378 88.9 3.216722577427595
1379 88.95 3.2377703596919707
1380 89.0 3.2588346184838413
1381 89.05 3.2799153409455086
1382 89.1 3.3010125142676436
1383 89.15 3.322126125689087
1384 89.2 3.3432561624966444
1385 89.25 3.3644026120248642
1386 89.3 3.385565461655875
1387 89.35 3.406744698819143
1388 89.4 3.4279403109912914
1389 89.45 3.4491522856959036
1390 89.5 3.4703806105033306
1391 89.55 3.491625273030465
1392 89.6 3.5128862609405993
1393 89.65 3.5341635619431804
1394 89.7 3.555457163793653
1395 89.75 3.5767670542932435
1396 89.8 3.5980932212887993
1397 89.85 3.619435652672567
1398 89.9 3.6407943363820303
1399 89.95 3.6621692603997222
1400 90.0 3.68356041275302
1401 90.05 3.704967781513994
1402 90.1 3.726391354799187
1403 90.15 3.7478311207694723
1404 90.2 3.7692870676298407
1405 90.25 3.7907591836292402
1406 90.3 3.8122474570603946
1407 90.35 3.8337518762596234
1408 90.4 3.8552724296066714
1409 90.45 3.876809105524522
1410 90.5 3.8983618924792447
1411 90.55 3.9199307789798024
1412 90.6 3.9415157535778915
1413 90.65 3.963116804867775
1414 90.7 3.9847339214860975
1415 90.75 4.006367092111738
1416 90.8 4.028016305465624
1417 90.85 4.049681550310581
1418 90.9 4.071362815451145
1419 90.95 4.093060089733434
1420 91.0 4.1147733620449545
1421 91.05 4.136502621314444
1422 91.1 4.158247856511729
1423 91.15 4.18000905664754
1424 91.2 4.20178621077338
1425 91.25 4.223579307981341
1426 91.3 4.245388337403954
1427 91.35 4.267213288214049
1428 91.4 4.289054149624581
1429 91.45 4.310910910888477
1430 91.5 4.332783561298498
1431 91.55 4.35467209018707
1432 91.6 4.376576486926146
1433 91.65 4.398496740927042
1434 91.7 4.420432841640297
1435 91.75 4.4423847785555335
1436 91.8 4.464352541201284
1437 91.85 4.486336119144871
1438 91.9 4.508335501992238
1439 91.95 4.530350679387823
1440 92.0 4.552381641014409
1441 92.05 4.5744283765929685
1442 92.1 4.596490875882544
1443 92.15 4.618569128680084
1444 92.2 4.640663124820315
1445 92.25 4.66277285417561
1446 92.3 4.6848983066558185
1447 92.35 4.707039472208168
1448 92.4 4.729196340817096
1449 92.45 4.751368902504124
1450 92.5 4.773557147327721
1451 92.55 4.795761065383182
1452 92.6 4.817980646802472
1453 92.65 4.840215881754098
1454 92.7 4.86246676044299
1455 92.75 4.8847332731103545
1456 92.8 4.907015410033562
1457 92.85 4.92931316152598
1458 92.9 4.951626517936894
1459 92.95 4.973955469651336
1460 93.0 4.996300007089969
1461 93.05 5.018660120708984
1462 93.1 5.041035800999931
1463 93.15 5.063427038489635
1464 93.2 5.085833823740036
1465 93.25 5.108256147348095
1466 93.3 5.130693999945647
1467 93.35 5.1531473721992915
1468 93.4 5.1756162548102616
1469 93.45 5.198100638514319
1470 93.5 5.220600514081606
1471 93.55 5.243115872316556
1472 93.6 5.265646704057759
1473 93.65 5.2881930001778255
1474 93.7 5.310754751583311
1475 93.75 5.333331949214559
1476 93.8 5.355924584045606
1477 93.85 5.378532647084064
1478 93.9 5.401156129370997
1479 93.95 5.423795021980809
1480 94.0 5.446449316021146
1481 94.05 5.4691190026327465
1482 94.1 5.491804072989369
1483 94.15 5.51450451829766
1484 94.2 5.5372203297970355
1485 94.25 5.5599514987595935
1486 94.3 5.582698016489992
1487 94.35 5.605459874325323
1488 94.4 5.628237063635023
1489 94.45 5.651029575820774
1490 94.5 5.673837402316383
1491 94.55 5.6966605345876555
1492 94.6 5.71949896413233
1493 94.65 5.742352682479939
1494 94.7 5.765221681191731
1495 94.75 5.788105951860543
1496 94.8 5.8110054861106955
1497 94.85 5.833920275597912
1498 94.9 5.856850312009201
1499 94.95 5.879795587062752
1500 95.0 5.902756092507844
1501 95.05 5.925731820124731
1502 95.1 5.948722761724567
1503 95.15 5.971728909149262
1504 95.2 5.9947502542714295
1505 95.25 6.017786788994262
1506 95.3 6.04083850525143
1507 95.35 6.063905395007009
1508 95.4 6.086987450255354
1509 95.45 6.110084663021016
1510 95.5 6.133197025358649
1511 95.55 6.156324529352912
1512 95.6 6.179467167118375
1513 95.65 6.202624930799403
1514 95.7 6.225797812570107
1515 95.75 6.2489858046342155
1516 95.8 6.2721888992249895
1517 95.85 6.295407088605142
1518 95.9 6.318640365066716
1519 95.95 6.341888720931029
1520 96.0 6.36515214854857
1521 96.05 6.388430640298891
1522 96.1 6.411724188590552
1523 96.15 6.435032785860995
1524 96.2 6.45835642457648
1525 96.25 6.481695097231993
1526 96.3 6.505048796351155
1527 96.35 6.528417514486121
1528 96.4 6.55180124421751
1529 96.45 6.5751999781543224
1530 96.5 6.59861370893384
1531 96.55 6.62204242922156
1532 96.6 6.645486131711076
1533 96.65 6.668944809124038
1534 96.7 6.692418454210029
1535 96.75 6.715907059746501
1536 96.8 6.739410618538679
1537 96.85 6.762929123419512
1538 96.9 6.78646256724955
1539 96.95 6.810010942916881
1540 97.0 6.833574243337056
1541 97.05 6.857152461452991
1542 97.1 6.8807455902348895
1543 97.15 6.904353622680183
1544 97.2 6.927976551813428
1545 97.25 6.951614370686242
1546 97.3 6.975267072377213
1547 97.35 6.998934649991831
1548 97.4 7.0226170966624055
1549 97.45 7.046314405547984
1550 97.5 7.070026569834292
1551 97.55 7.093753582733631
1552 97.6 7.117495437484825
1553 97.65 7.1412521273531295
1554 97.7 7.165023645630165
1555 97.75 7.18880998563384
1556 97.8 7.212611140708279
1557 97.85 7.2364271042237345
1558 97.9 7.2602578695765345
1559 97.95 7.284103430189002
1560 98.0 7.307963779509364
1561 98.05 7.33183891101171
1562 98.1 7.355728818195899
1563 98.15 7.37963349458748
1564 98.2 7.403552933737647
1565 98.25 7.427487129223156
1566 98.3 7.451436074646241
1567 98.35 7.475399763634565
1568 98.4 7.499378189841151
1569 98.45 7.523371346944271
1570 98.5 7.54737922864744
1571 98.55 7.571401828679292
1572 98.6 7.595439140793559
1573 98.65 7.619491158768955
1574 98.7 7.643557876409149
1575 98.75 7.667639287542686
1576 98.8 7.691735386022893
1577 98.85 7.715846165727859
1578 98.9 7.739971620560329
1579 98.95 7.764111744447666
1580 99.0 7.788266531341768
1581 99.05 7.812435975219013
1582 99.1 7.836620070080182
1583 99.15 7.860818809950412
1584 99.2 7.885032188879117
1585 99.25 7.909260200939932
1586 99.3 7.933502840230641
1587 99.35 7.9577601008731325
1588 99.4 7.982031977013322
1589 99.45 8.006318462821081
1590 99.5 8.030619552490197
1591 99.55 8.054935240238304
1592 99.6 8.07926552030682
1593 99.65 8.103610386960865
1594 99.7 8.12796983448925
1595 99.75 8.152343857204356
1596 99.8 8.176732449442124
1597 99.85 8.20113560556197
1598 99.9 8.225553319946728
1599 99.95 8.249985587002607
1600 100.0 8.274432401159102
1601 100.05 8.298893756868956
1602 100.1 8.32336964860811
1603 100.15 8.347860070875626
1604 100.2 8.372365018193642
1605 100.25 8.396884485107298
1606 100.3 8.421418466184706
1607 100.35 8.445966956016878
1608 100.4 8.47052994921766
1609 100.45 8.495107440423693
1610 100.5 8.519699424294345
1611 100.55 8.54430589551166
1612 100.6 8.568926848780318
1613 100.65 8.593562278827552
1614 100.7 8.618212180403107
1615 100.75 8.642876548279203
1616 100.8 8.667555377250451
1617 100.85 8.69224866213381
1618 100.9 8.716956397768545
1619 100.95 8.741678579016158
1620 101.0 8.766415200760349
1621 101.05 8.791166257906948
1622 101.1 8.815931745383878
1623 101.15 8.840711658141096
1624 101.2 8.865505991150544
1625 101.25 8.890314739406087
1626 101.3 8.915137897923485
1627 101.35 8.939975461740303
1628 101.4 8.96482742591591
1629 101.45 8.989693785531397
1630 101.5 9.01457453568954
1631 101.55 9.039469671514716
1632 101.6 9.0643791881529
1633 101.65 9.089303080771597
1634 101.7 9.114241344559792
1635 101.75 9.13919397472791
1636 101.8 9.16416096650774
1637 101.85 9.189142315152418
1638 101.9 9.214138015936374
1639 101.95 9.239148064155254
1640 102.0 9.264172455125934
1641 102.05 9.289211184186408
1642 102.1 9.314264246695751
1643 102.15 9.339331638034135
1644 102.2 9.364413353602712
1645 102.25 9.389509388823582
1646 102.3 9.414619739139766
1647 102.35 9.43974440001517
1648 102.4 9.464883366934513
1649 102.45 9.490036635403262
1650 102.5 9.515204200947652
1651 102.55 9.540386059114594
1652 102.6 9.56558220547162
1653 102.65 9.59079263560689
1654 102.7 9.616017345129103
1655 102.75 9.641256329667467
1656 102.8 9.666509584871662
1657 102.85 9.691777106411779
1658 102.9 9.717058889978311
1659 102.95 9.74235493128207
1660 103.0 9.767665226054188
1661 103.05 9.792989770045997
1662 103.1 9.818328559029094
1663 103.15 9.843681588795219
1664 103.2 9.869048855156226
1665 103.25 9.894430353944092
1666 103.3 9.919826081010802
1667 103.35 9.945236032228365
1668 103.4 9.970660203488736
1669 103.45 9.996098590703795
1670 103.5 10.021551189805317
1671 103.55 10.047017996744914
1672 103.6 10.07249900749398
1673 103.65 10.09799421804368
1674 103.7 10.12350362440491
1675 103.75 10.149027222608252
1676 103.8 10.1745650087039
1677 103.85 10.200116978761695
1678 103.9 10.225683128871017
1679 103.95 10.251263455140776
1680 104.0 10.27685795369937
1681 104.05 10.302466620694672
1682 104.1 10.328089452293924
1683 104.15 10.353726444683787
1684 104.2 10.379377594070233
1685 104.25 10.40504289667856
1686 104.3 10.430722348753301
1687 104.35 10.456415946558227
1688 104.4 10.482123686376326
1689 104.45 10.507845564509685
1690 104.5 10.533581577279566
1691 104.55 10.55933172102629
1692 104.6 10.585095992109213
1693 104.65 10.610874386906715
1694 104.7 10.63666690181617
1695 104.75 10.662473533253854
1696 104.8 10.68829427765498
1697 104.85 10.71412913147361
1698 104.9 10.739978091182664
1699 104.95 10.765841153273847
1700 105.0 10.79171831425763
1701 105.05 10.81760957066323
1702 105.1 10.843514919038551
1703 105.15 10.869434355950181
1704 105.2 10.895367877983325
1705 105.25 10.921315481741784
1706 105.3 10.947277163847948
1707 105.35 10.973252920942718
1708 105.4 10.999242749685507
1709 105.45 11.025246646754189
1710 105.5 11.051264608845077
1711 105.55 11.077296632672898
1712 105.6 11.103342714970733
1713 105.65 11.129402852490017
1714 105.7 11.15547704200047
1715 105.75 11.181565280290124
1716 105.8 11.207667564165245
1717 105.85 11.233783890450296
1718 105.9 11.259914255987944
1719 105.95 11.286058657639003
1720 106.0 11.312217092282408
1721 106.05 11.338389556815175
1722 106.1 11.36457604815241
1723 106.15 11.390776563227206
1724 106.2 11.416991098990714
1725 106.25 11.443219652412028
1726 106.3 11.46946222047818
1727 106.35 11.495718800194114
1728 106.4 11.521989388582679
1729 106.45 11.548273982684565
1730 106.5 11.574572579558295
1731 106.55 11.600885176280174
1732 106.6 11.62721176994431
1733 106.65 11.65355235766251
1734 106.7 11.679906936564322
1735 106.75 11.706275503796984
1736 106.8 11.73265805652537
1737 106.85 11.759054591931976
1738 106.9 11.785465107216936
1739 106.95 11.811889599597942
1740 107.0 11.83832806631024
1741 107.05 11.864780504606575
1742 107.1 11.891246911757209
1743 107.15 11.917727285049871
1744 107.2 11.9442216217897
1745 107.25 11.970729919299293
1746 107.3 11.9972521749186
1747 107.35 12.023788386004938
1748 107.4 12.050338549932992
1749 107.45 12.07690266409472
1750 107.5 12.103480725899388
1751 107.55 12.130072732773494
1752 107.6 12.156678682160805
1753 107.65 12.183298571522288
1754 107.7 12.209932398336075
1755 107.75 12.236580160097475
1756 107.8 12.263241854318927
1757 107.85 12.289917478529981
1758 107.9 12.316607030277268
1759 107.95 12.343310507124492
1760 108.0 12.370027906652385
1761 108.05 12.396759226458695
1762 108.1 12.423504464158157
1763 108.15 12.450263617382483
1764 108.2 12.477036683780316
1765 108.25 12.503823661017222
1766 108.3 12.530624546775668
1767 108.35 12.55743933875499
1768 108.4 12.584268034671382
1769 108.45 12.611110632257859
1770 108.5 12.637967129264245
1771 108.55 12.664837523457143
1772 108.6 12.691721812619914
1773 108.65 12.718619994552668
1774 108.7 12.745532067072231
1775 108.75 12.772458028012114
1776 108.8 12.799397875222503
1777 108.85 12.826351606570254
1778 108.9 12.85331921993883
1779 108.95 12.880300713228307
1780 109.0 12.907296084355346
1781 109.05 12.934305331253196
1782 109.1 12.961328451871632
1783 109.15 12.988365444176953
1784 109.2 13.015416306151977
1785 109.25 13.042481035795994
1786 109.3 13.069559631124761
1787 109.35 13.096652090170489
1788 109.4 13.123758410981795
1789 109.45 13.150878591623712
1790 109.5 13.178012630177646
1791 109.55 13.205160524741386
1792 109.6 13.232322273429036
1793 109.65 13.259497874371066
1794 109.7 13.286687325714215
1795 109.75 13.313890625621516
1796 109.8 13.341107772272291
1797 109.85 13.368338763862095
1798 109.9 13.395583598602713
1799 109.95 13.422842274722148
1800 110.0 13.450114790464593
1801 110.05 13.47740114409042
1802 110.1 13.504701333876165
1803 110.15 13.53201535811447
1804 110.2 13.559343215114138
1805 110.25 13.586684903200055
1806 110.3 13.614040420713206
1807 110.35 13.641409766010632
1808 110.4 13.668792937465422
1809 110.45 13.696189933466716
1810 110.5 13.723600752419637
1811 110.55 13.751025392745348
1812 110.6 13.778463852880966
1813 110.65 13.805916131279591
1814 110.7 13.833382226410267
1815 110.75 13.860862136757971
1816 110.8 13.888355860823578
1817 110.85 13.915863397123882
1818 110.9 13.943384744191562
1819 110.95 13.970919900575169
1820 111.0 13.99846886483909
1821 111.05 14.026031635563545
1822 111.1 14.053608211344592
1823 111.15 14.081198590794088
1824 111.2 14.108802772539681
1825 111.25 14.136420755224773
1826 111.3 14.164052537508557
1827 111.35 14.19169811806595
1828 111.4 14.219357495587614
1829 111.45 14.247030668779901
1830 111.5 14.274717636364885
1831 111.55 14.302418397080308
1832 111.6 14.330132949679596
1833 111.65 14.357861292931817
1834 111.7 14.3856034256217
1835 111.75 14.413359346549585
1836 111.8 14.441129054531439
1837 111.85 14.468912548398823
1838 111.9 14.496709826998888
1839 111.95 14.524520889194347
1840 112.0 14.552345733863483
1841 112.05 14.58018435990013
1842 112.1 14.608036766213628
1843 112.15 14.635902951728873
1844 112.2 14.663782915386243
1845 112.25 14.691676656141611
1846 112.3 14.719584172966343
1847 112.35 14.747505464847265
1848 112.4 14.775440530786662
1849 112.45 14.803389369802254
1850 112.5 14.831351980927195
1851 112.55 14.859328363210071
1852 112.6 14.887318515714854
1853 112.65 14.91532243752092
1854 112.7 14.943340127723031
1855 112.75 14.971371585431328
1856 112.8 14.99941680977127
1857 112.85 15.027475799883716
1858 112.9 15.05554855492483
1859 112.95 15.08363507406611
1860 113.0 15.111735356494362
1861 113.05 15.139849401411706
1862 113.1 15.167977208035543
1863 113.15 15.196118775598546
1864 113.2 15.224274103348678
1865 113.25 15.252443190549153
1866 113.3 15.28062603647842
1867 113.35 15.308822640430183
1868 113.4 15.337033001713376
1869 113.45 15.365257119652147
1870 113.5 15.39349499358583
1871 113.55 15.421746622868982
1872 113.6 15.450012006871352
1873 113.65 15.478291144977824
1874 113.7 15.50658403658851
1875 113.75 15.534890681118632
1876 113.8 15.563211077998586
1877 113.85 15.591545226673892
1878 113.9 15.619893126605213
1879 113.95 15.648254777268333
1880 114.0 15.676630178154142
1881 114.05 15.705019328768623
1882 114.1 15.733422228632866
1883 114.15 15.761838877283052
1884 114.2 15.790269274270434
1885 114.25 15.818713419161327
1886 114.3 15.847171311537116
1887 114.35 15.875642950994228
1888 114.4 15.904128337144126
1889 114.45 15.932627469613339
1890 114.5 15.96114034804339
1891 114.55 15.989666972090836
1892 114.6 16.018207341427246
1893 114.65 16.046761455739194
1894 114.7 16.07532931472825
1895 114.75 16.103910918110962
1896 114.8 16.132506265618872
1897 114.85 16.161115356998497
1898 114.9 16.189738192011312
1899 114.95 16.218374770433762
1900 115.0 16.247025092057235
1901 115.05 16.275689156688067
1902 115.1 16.304366964147544
1903 115.15 16.333058514271862
1904 115.2 16.36176380691217
1905 115.25 16.390482841934528
1906 115.3 16.419215619219905
1907 115.35 16.447962138664167
1908 115.4 16.476722400178097
1909 115.45 16.50549640368737
1910 115.5 16.534284149132557
1911 115.55 16.56308563646909
1912 115.6 16.5919008656673
1913 115.65 16.62072983671238
1914 115.7 16.649572549604386
1915 115.75 16.67842900435824
1916 115.8 16.70729920100373
1917 115.85 16.73618313958547
1918 115.9 16.765080820162936
1919 115.95 16.793992242810447
1920 116.0 16.822917407617147
1921 116.05 16.851856314687012
1922 116.1 16.88080896413884
1923 116.15 16.909775356106255
1924 116.2 16.93875549073772
1925 116.25 16.967749368196458
1926 116.3 16.996756988660543
1927 116.35 17.02577835232284
1928 116.4 17.054813459391003
1929 116.45 17.08386231008749
1930 116.5 17.11292490464956
1931 116.55 17.14200124332923
1932 116.6 17.17109132639333
1933 116.65 17.20019515412346
1934 116.7 17.229312726815984
1935 116.75 17.258444044782056
1936 116.8 17.287589108347596
1937 116.85 17.316747917853267
1938 116.9 17.345920473654537
1939 116.95 17.375106776121605
1940 117.0 17.404306825639434
1941 117.05 17.433520622607734
1942 117.1 17.46274816744098
1943 117.15 17.491989460568384
1944 117.2 17.521244502433913
1945 117.25 17.550513293496277
1946 117.3 17.579795834228904
1947 117.35 17.609092125119997
1948 117.4 17.638402166672467
1949 117.45 17.66772595940397
1950 117.5 17.6970635038469
1951 117.55 17.726414800548362
1952 117.6 17.755779850070216
1953 117.65 17.785158652989036
1954 117.7 17.81455120989612
1955 117.75 17.8439575213975
1956 117.8 17.873377588113897
1957 117.85 17.902811410680794
1958 117.9 17.93225898974839
1959 117.95 17.961720325981567
1960 118.0 17.991195420059963
1961 118.05 18.02068427267792
1962 118.1 18.050186884544473
1963 118.15 18.079703256383397
1964 118.2 18.10923338893318
1965 118.25 18.138777282947018
1966 118.3 18.16833493919283
1967 118.35 18.197906358453228
1968 118.4 18.22749154152556
1969 118.45 18.257090489221856
1970 118.5 18.286703202368884
1971 118.55 18.316329681808117
1972 118.6 18.34596992839574
1973 118.65 18.375623943002648
1974 118.7 18.405291726514452
1975 118.75 18.434973279831485
1976 118.8 18.464668603868756
1977 118.85 18.494377699556043
1978 118.9 18.524100567837795
1979 118.95 18.553837209673198
1980 119.0 18.583587626036138
1981 119.05 18.61335181791525
1982 119.1 18.643129786313853
1983 119.15 18.672921532249987
1984 119.2 18.702727056756434
1985 119.25 18.732546360880683
1986 119.3 18.762379445684953
1987 119.35 18.7922263122462
1988 119.4 18.822086961656083
1989 119.45 18.851961395020997
1990 119.5 18.881849613462055
1991 119.55 18.911751618115115
1992 119.6 18.9416674101308
1993 119.65 18.971596990674403
1994 119.7 19.001540360925997
1995 119.75 19.031497522080404
1996 119.8 19.061468475347155
1997 119.85 19.09145322195054
1998 119.9 19.121451763129617
1999 119.95 19.151464100138174
2000 120.0 19.18149023424474
2001 120.05 19.21153016673261
2002 120.1 19.24158389889985
2003 120.15 19.271651432059286
2004 120.2 19.301732767538496
2005 120.25 19.331827906679834
2006 120.3 19.36193685084042
2007 120.35 19.39205960139213
2008 120.4 19.42219615972167
2009 120.45 19.45234652723049
2010 120.5 19.482510705334825
2011 120.55 19.512688695465695
2012 120.6 19.542880499068936
2013 120.65 19.57308611760517
2014 120.7 19.603305552549806
2015 120.75 19.633538805393083
2016 120.8 19.663785877640024
2017 120.85 19.694046770810477
2018 120.9 19.724321486439113
2019 120.95 19.754610026075422
2020 121.0 19.784912391283715
2021 121.05 19.815228583643137
2022 121.1 19.84555860474768
2023 121.15 19.87590245620616
2024 121.2 19.906260139642253
2025 121.25 19.936631656694484
2026 121.3 19.967017009016224
2027 121.35 19.99741619827573
2028 121.4 20.02782922615608
2029 121.45 20.05825609435528
2030 121.5 20.088696804586167
2031 121.55 20.11915135857651
2032 121.6 20.149619758068912
2033 121.65 20.180102004820913
2034 121.7 20.210598100604958
2035 121.75 20.241108047208353
2036 121.8 20.271631846433372
2037 121.85 20.302169500097165
2038 121.9 20.332721010031825
2039 121.95 20.36328637808438
2040 122.0 20.393865606116805
2041 122.05 20.42445869600602
2042 122.1 20.455065649643878
2043 122.15 20.485686468937192
2044 122.2 20.516321155807745
2045 122.25 20.546969712192304
2046 122.3 20.577632140042613
2047 122.35 20.608308441325406
2048 122.4 20.638998618022402
2049 122.45 20.669702672130306
2050 122.5 20.700420605660856
2051 122.55 20.731152420640797
2052 122.6 20.761898119111912
2053 122.65 20.792657703130995
2054 122.7 20.823431174769894
2055 122.75 20.854218536115482
2056 122.8 20.885019789269727
2057 122.85 20.91583493634963
2058 122.9 20.94666397948728
2059 122.95 20.97750692082983
2060 123.0 21.008363762539545
2061 123.05 21.03923450679377
2062 123.1 21.070119155784923
2063 123.15 21.1010177117206
2064 123.2 21.13193017682348
2065 123.25 21.162856553331405
2066 123.3 21.19379684349734
2067 123.35 21.224751049589383
2068 123.4 21.255719173890814
2069 123.45 21.286701218700074
2070 123.5 21.317697186330776
2071 123.55 21.348707079111733
2072 123.6 21.37973089938695
2073 123.65 21.41076864951563
2074 123.7 21.441820331872226
2075 123.75 21.472885948846358
2076 123.8 21.50396550284295
2077 123.85 21.535058996282118
2078 123.9 21.566166431599257
2079 123.95 21.597287811245028
2080 124.0 21.628423137685363
2081 124.05 21.6595724134015
2082 124.1 21.69073564088995
2083 124.15 21.721912822662546
2084 124.2 21.753103961246424
2085 124.25 21.78430905918409
2086 124.3 21.815528119033353
2087 124.35 21.8467611433674
2088 124.4 21.878008134774742
2089 124.45 21.909269095859305
2090 124.5 21.940544029240396
2091 124.55 21.971832937552694
2092 124.6 22.00313582344631
2093 124.65 22.03445268958678
2094 124.7 22.06578353865505
2095 124.75 22.097128373347527
2096 124.8 22.12848719637607
2097 124.85 22.159860010468005
2098 124.9 22.19124681836613
2099 124.95 22.22264762282873
2100 125.0 22.25406242662965
2101 125.05 22.28549123255819
2102 125.1 22.316934043419177
2103 125.15 22.348390862033053
2104 125.2 22.379861691235728
2105 125.25 22.41134653387874
2106 125.3 22.442845392829184
2107 125.35 22.474358270969763
2108 125.4 22.505885171198756
2109 125.45 22.537426096430096
2110 125.5 22.56898104959334
2111 125.55 22.600550033633663
2112 125.6 22.632133051511957
2113 125.65 22.663730106204767
2114 125.7 22.695341200704302
2115 125.75 22.726966338018496
2116 125.8 22.758605521170992
2117 125.85 22.79025875320117
2118 125.9 22.821926037164133
2119 125.95 22.85360737613079
2120 126.0 22.885302773187767
2121 126.05 22.917012231437518
2122 126.1 22.94873575399829
2123 126.15 22.98047334400413
2124 126.2 23.012225004604936
2125 126.25 23.04399073896644
2126 126.3 23.075770550270242
2127 126.35 23.107564441713844
2128 126.4 23.139372416510597
2129 126.45 23.17119447788977
2130 126.5 23.203030629096574
2131 126.55 23.234880873392147
2132 126.6 23.266745214053586
2133 126.65 23.29862365437395
2134 126.7 23.330516197662302
2135 126.75 23.362422847243685
2136 126.8 23.394343606459156
2137 126.85 23.42627847866584
2138 126.9 23.4582274672369
2139 126.95 23.490190575561535
2140 127.0 23.52216780704505
2141 127.05 23.554159165108867
2142 127.1 23.586164653190508
2143 127.15 23.618184274743626
2144 127.2 23.650218033238033
2145 127.25 23.682265932159698
2146 127.3 23.71432797501077
2147 127.35 23.74640416530964
2148 127.4 23.778494506590867
2149 127.45 23.81059900240527
2150 127.5 23.842717656319945
2151 127.55 23.87485047191823
2152 127.6 23.90699745279976
2153 127.65 23.93915860258049
2154 127.7 23.97133392489269
2155 127.75 24.00352342338498
2156 127.8 24.03572710172233
2157 127.85 24.067944963586108
2158 127.9 24.10017701267407
2159 127.95 24.132423252700416
2160 128.0 24.164683687395748
2161 128.05 24.196958320507157
2162 128.1 24.22924715579818
2163 128.15 24.261550197048862
2164 128.2 24.293867448055753
2165 128.25 24.326198912631963
2166 128.3 24.358544594607118
2167 128.35 24.390904497827442
2168 128.4 24.423278626155742
2169 128.45 24.455666983471424
2170 128.5 24.488069573670543
2171 128.55 24.52048640066579
2172 128.6 24.552917468386553
2173 128.65 24.585362780778887
2174 128.7 24.61782234180556
2175 128.75 24.650296155446078
2176 128.8 24.682784225696707
2177 128.85 24.71528655657049
2178 128.9 24.74780315209725
2179 128.95 24.780334016323614
2180 129.0 24.812879153313066
2181 129.05 24.845438567145948
2182 129.1 24.878012261919483
2183 129.15 24.910600241747787
2184 129.2 24.943202510761886
2185 129.25 24.975819073109776
2186 129.3 25.008449932956392
2187 129.35 25.041095094483687
2188 129.4 25.073754561890595
2189 129.45 25.106428339393094
2190 129.5 25.139116431224213
2191 129.55 25.17181884163406
2192 129.6 25.20453557488984
2193 129.65 25.237266635275887
2194 129.7 25.27001202709366
2195 129.75 25.302771754661816
2196 129.8 25.335545822316167
2197 129.85 25.368334234409765
2198 129.9 25.401136995312868
2199 129.95 25.433954109413037
2200 130.0 25.46678558111508
2201 130.05 25.499631414841133
2202 130.1 25.53249161503064
2203 130.15 25.565366186140437
2204 130.2 25.598255132644695
2205 130.25 25.631158459035028
2206 130.3 25.66407616982045
2207 130.35 25.697008269527448
2208 130.4 25.729954762699943
2209 130.45 25.762915653899395
2210 130.5 25.795890947704795
2211 130.55 25.82888064871266
2212 130.6 25.8618847615371
2213 130.65 25.894903290809815
2214 130.7 25.927936241180127
2215 130.75 25.96098361731503
2216 130.8 25.994045423899152
2217 130.85 26.027121665634866
2218 130.9 26.060212347242285
2219 130.95 26.093317473459226
2220 131.0 26.126437049041314
2221 131.05 26.159571078762006
2222 131.1 26.19271956741254
2223 131.15 26.225882519802052
2224 131.2 26.259059940757535
2225 131.25 26.292251835123903
2226 131.3 26.32545820776404
2227 131.35 26.358679063558764
2228 131.4 26.391914407406905
2229 131.45 26.425164244225297
2230 131.5 26.45842857894883
2231 131.55 26.491707416530502
2232 131.6 26.525000761941364
2233 131.65 26.558308620170614
2234 131.7 26.591630996225632
2235 131.75 26.624967895131967
2236 131.8 26.658319321933387
2237 131.85 26.691685281691903
2238 131.9 26.725065779487824
2239 131.95 26.75846082041972
2240 132.0 26.79187040960451
2241 132.05 26.825294552177485
2242 132.1 26.858733253292307
2243 132.15 26.89218651812107
2244 132.2 26.925654351854295
2245 132.25 26.95913675970102
2246 132.3 26.992633746888753
2247 132.35 27.02614531866354
2248 132.4 27.059671480290007
2249 132.45 27.093212237051386
2250 132.5 27.126767594249504
2251 132.55 27.16033755720489
2252 132.6 27.193922131256716
2253 132.65 27.227521321762907
2254 132.7 27.261135134100105
2255 132.75 27.29476357366376
2256 132.8 27.328406645868125
2257 132.85 27.36206435614629
2258 132.9 27.395736709950224
2259 132.95 27.42942371275081
2260 133.0 27.463125370037854
2261 133.05 27.496841687320146
2262 133.1 27.530572670125462
2263 133.15 27.564318324000627
2264 133.2 27.598078654511532
2265 133.25 27.631853667243156
2266 133.3 27.665643367799607
2267 133.35 27.69944776180416
2268 133.4 27.733266854899306
2269 133.45 27.76710065274676
2270 133.5 27.800949161027475
2271 133.55 27.83481238544172
2272 133.6 27.86869033170908
2273 133.65 27.902583005568534
2274 133.7 27.936490412778443
2275 133.75 27.970412559116614
2276 133.8 28.00434945038028
2277 133.85 28.038301092386217
2278 133.9 28.072267490970713
2279 133.95 28.10624865198963
2280 134.0 28.14024458131845
2281 134.05 28.17425528485229
2282 134.1 28.20828076850591
2283 134.15 28.242321038213845
2284 134.2 28.276376099930317
2285 134.25 28.310445959629345
2286 134.3 28.344530623304774
2287 134.35 28.3786300969703
2288 134.4 28.41274438665953
2289 134.45 28.446873498425948
2290 134.5 28.481017438343038
2291 134.55 28.51517621250429
2292 134.6 28.5493498270232
2293 134.65 28.583538288033346
2294 134.7 28.617741601688426
2295 134.75 28.651959774162297
2296 134.8 28.68619281164898
2297 134.85 28.720440720362713
2298 134.9 28.754703506538014
2299 134.95 28.788981176429697
2300 135.0 28.823273736312906
2301 135.05 28.857581192483156
2302 135.1 28.89190355125639
2303 135.15 28.926240818969
2304 135.2 28.960593001977863
2305 135.25 28.994960106660397
2306 135.3 29.02934213941457
2307 135.35 29.063739106658982
2308 135.4 29.098151014832855
2309 135.45 29.13257787039614
2310 135.5 29.167019679829494
2311 135.55 29.201476449634335
2312 135.6 29.235948186332884
2313 135.65 29.27043489646824
2314 135.7 29.304936586604388
2315 135.75 29.33945326332622
2316 135.8 29.373984933239633
2317 135.85 29.408531602971514
2318 135.9 29.4430932791698
2319 135.95 29.47766996850355
2320 136.0 29.512261677662945
2321 136.05 29.546868413359334
2322 136.1 29.581490182325304
2323 136.15 29.616126991314726
2324 136.2 29.650778847102764
2325 136.25 29.685445756485908
2326 136.3 29.720127726282087
2327 136.35 29.754824763330607
2328 136.4 29.78953687449231
2329 136.45 29.82426406664954
2330 136.5 29.859006346706195
2331 136.55 29.89376372158781
2332 136.6 29.928536198241552
2333 136.65 29.9633237836363
2334 136.7 29.998126484762686
2335 136.75 30.032944308633095
2336 136.8 30.067777262281805
2337 136.85 30.10262535276491
2338 136.9 30.137488587160462
2339 136.95 30.17236697256846
2340 137.0 30.207260516110953
2341 137.05 30.242169224932027
2342 137.1 30.277093106197878
2343 137.15 30.312032167096852
2344 137.2 30.34698641483954
2345 137.25 30.381955856658664
2346 137.3 30.416940499809336
2347 137.35 30.451940351569103
2348 137.4 30.48695541923757
2349 137.45 30.52198571013718
2350 137.5 30.557031231612612
2351 137.55 30.592091991031094
2352 137.6 30.62716799578253
2353 137.65 30.662259253279373
2354 137.7 30.69736577095678
2355 137.75 30.732487556272638
2356 137.8 30.76762461670761
2357 137.85 30.802776959765165
2358 137.9 30.837944592971652
2359 137.95 30.87312752387635
2360 138.0 30.908325760051497
2361 138.05 30.94353930909236
2362 138.1 30.978768178617305
2363 138.15 31.014012376267775
2364 138.2 31.049271909708427
2365 138.25 31.08454678662713
2366 138.3 31.119837014735023
2367 138.35 31.15514260176659
2368 138.4 31.19046355547967
2369 138.45 31.22579988365556
2370 138.5 31.261151594099033
2371 138.55 31.29651869463838
2372 138.6 31.331901193125503
2373 138.65 31.367299097435946
2374 138.7 31.402712415468937
2375 138.75 31.438141155147463
2376 138.8 31.47358532441829
2377 138.85 31.509044931252074
2378 138.9 31.54451998364335
2379 138.95 31.58001048961065
2380 139.0 31.615516457196506
2381 139.05 31.65103789446752
2382 139.1 31.686574809514422
2383 139.15 31.722127210452125
2384 139.2 31.757695105419792
2385 139.25 31.793278502580858
2386 139.3 31.828877410123148
2387 139.35 31.86449183625886
2388 139.4 31.900121789224684
2389 139.45 31.935767277281784
2390 139.5 31.971428308715943
2391 139.55 32.00710489183757
2392 139.6 32.04279703498175
2393 139.65 32.07850474650834
2394 139.7 32.11422803480197
2395 139.75 32.14996690827217
2396 139.8 32.18572137535338
2397 139.85 32.22149144450501
2398 139.9 32.25727712421155
2399 139.95 32.293078422982546
2400 140.0 32.328895349352734
2401 140.05 32.36472791188205
2402 140.1 32.40057611915574
2403 140.15 32.43643997978434
2404 140.2 32.47231950240385
2405 140.25 32.508214695675676
2406 140.3 32.54412556828679
2407 140.35 32.5800521289497
2408 140.4 32.61599438640262
2409 140.45 32.65195234940942
2410 140.5 32.68792602675975
2411 140.55 32.72391542726913
2412 140.6 32.759920559778934
2413 140.65 32.79594143315649
2414 140.7 32.8319780562952
2415 140.75 32.86803043811446
2416 140.8 32.90409858755991
2417 140.85 32.940182513603354
2418 140.9 32.97628222524287
2419 140.95 33.0123977315029
2420 141.0 33.048529041434286
2421 141.05 33.08467616411433
2422 141.1 33.120839108646884
2423 141.15 33.15701788416238
2424 141.2 33.19321249981795
2425 141.25 33.229422964797465
2426 141.3 33.26564928831155
2427 141.35 33.30189147959776
2428 141.4 33.33814954792052
2429 141.45 33.37442350257134
2430 141.5 33.41071335286873
2431 141.55 33.44701910815839
2432 141.6 33.4833407778132
2433 141.65 33.51967837123332
2434 141.7 33.55603189784627
2435 141.75 33.59240136710698
2436 141.8 33.628786788497855
2437 141.85 33.66518817152889
2438 141.9 33.70160552573765
2439 141.95 33.73803886068945
2440 142.0 33.77448818597733
2441 142.05 33.810953511222216
2442 142.1 33.847434846072915
2443 142.15 33.8839322002062
2444 142.2 33.920445583326924
2445 142.25 33.95697500516807
2446 142.3 33.993520475490804
2447 142.35 34.03008200408457
2448 142.4 34.06665960076716
2449 142.45 34.1032532753848
2450 142.5 34.1398630378122
2451 142.55 34.176488897952616
2452 142.6 34.21313086573798
2453 142.65 34.24978895112895
2454 142.7 34.286463164114934
2455 142.75 34.32315351471425
2456 142.8 34.359860012974146
2457 142.85 34.39658266897089
2458 142.9 34.43332149280987
2459 142.95 34.470076494625616
2460 143.0 34.50684768458194
2461 143.05 34.54363507287198
2462 143.1 34.58043866971827
2463 143.15 34.61725848537286
2464 143.2 34.65409453011734
2465 143.25 34.690946814262986
2466 143.3 34.72781534815076
2467 143.35 34.76470014215144
2468 143.4 34.80160120666571
2469 143.45 34.838518552124185
2470 143.5 34.87545218898757
2471 143.55 34.912402127746695
2472 143.6 34.94936837892257
2473 143.65 34.98635095306653
2474 143.7 35.02334986076024
2475 143.75 35.06036511261591
2476 143.8 35.09739671927622
2477 143.85 35.134444691414494
2478 143.9 35.17150903973478
2479 143.95 35.2085897749719
2480 144.0 35.24568690789157
2481 144.05 35.28280044929046
2482 144.1 35.319930409996324
2483 144.15 35.35707680086801
2484 144.2 35.394239632795575
2485 144.25 35.43141891670046
2486 144.3 35.46861466353544
2487 144.35 35.50582688428479
2488 144.4 35.54305558996435
2489 144.45 35.58030079162162
2490 144.5 35.61756250033585
2491 144.55 35.654840727218165
2492 144.6 35.69213548341155
2493 144.65 35.72944678009107
2494 144.7 35.766774628463835
2495 144.75 35.80411903976921
2496 144.8 35.841480025278805
2497 144.85 35.87885759629664
2498 144.9 35.91625176415917
2499 144.95 35.953662540235484
2500 145.0 35.99108993592726
2501 145.05 36.02853396266896
2502 145.1 36.065994631927865
2503 145.15 36.103471955204235
2504 145.2 36.14096594403133
2505 145.25 36.17847660997554
2506 145.3 36.216003964636506
2507 145.35 36.25354801964713
2508 145.4 36.291108786673796
2509 145.45 36.32868627741635
2510 145.5 36.36628050360828
2511 145.55 36.40389147701676
2512 145.6 36.44151920944278
2513 145.65 36.47916371272121
2514 145.7 36.516824998720956
2515 145.75 36.554503079345
2516 145.8 36.59219796653051
2517 145.85 36.629909672249006
2518 145.9 36.66763820850637
2519 145.95 36.70538358734299
2520 146.0 36.743145820833874
2521 146.05 36.78092492108872
2522 146.1 36.818720900252046
2523 146.15 36.856533770503276
2524 146.2 36.894363544056866
2525 146.25 36.93221023316236
2526 146.3 36.970073850104555
2527 146.35 37.007954407203556
2528 146.4 37.04585191681492
2529 146.45 37.083766391329725
2530 146.5 37.121697843174736
2531 146.55 37.159646284812425
2532 146.6 37.19761172874115
2533 146.65 37.23559418749524
2534 146.7 37.273593673645074
2535 146.75 37.31161019979726
2536 146.8 37.34964377859466
2537 146.85 37.38769442271659
2538 146.9 37.42576214487883
2539 146.95 37.46384695783382
2540 147.0 37.50194887437073
2541 147.05 37.5400679073156
2542 147.1 37.578204069531395
2543 147.15 37.6163573739182
2544 147.2 37.65452783341323
2545 147.25 37.69271546099108
2546 147.3 37.730920269663706
2547 147.35 37.76914227248063
2548 147.4 37.807381482529
2549 147.45 37.84563791293377
2550 147.5 37.88391157685773
2551 147.55 37.9222024875017
2552 147.6 37.9605106581046
2553 147.65 37.9988361019436
2554 147.7 38.03717883233423
2555 147.75 38.07553886263048
2556 147.8 38.11391620622496
2557 147.85 38.152310876548945
2558 147.9 38.190722887072624
2559 147.95 38.22915225130509
2560 148.0 38.26759898279453
2561 148.05 38.30606309512835
2562 148.1 38.34454460193327
2563 148.15 38.383043516875475
2564 148.2 38.42155985366072
2565 148.25 38.46009362603446
2566 148.3 38.49864484778198
2567 148.35 38.53721353272856
2568 148.4 38.57579969473949
2569 148.45 38.61440334772034
2570 148.5 38.65302450561698
2571 148.55 38.69166318241576
2572 148.6 38.73031939214364
2573 148.65 38.76899314886831
2574 148.7 38.807684466698284
2575 148.75 38.84639335978309
2576 148.8 38.88511984231338
2577 148.85 38.92386392852108
2578 148.9 38.962625632679476
2579 148.95 39.0014049691034
2580 149.0 39.04020195214931
2581 149.05 39.07901659621552
2582 149.1 39.11784891574222
2583 149.15 39.15669892521167
2584 149.2 39.19556663914837
2585 149.25 39.23445207211912
2586 149.3 39.273355238733224
2587 149.35 39.31227615364262
2588 149.4 39.35121483154198
2589 149.45 39.39017128716889
2590 149.5 39.42914553530396
2591 149.55 39.46813759077102
2592 149.6 39.50714746843721
2593 149.65 39.54617518321311
2594 149.7 39.58522075005298
2595 149.75 39.62428418395479
2596 149.8 39.663365499960435
2597 149.85 39.702464713155855
2598 149.9 39.741581838671195
2599 149.95 39.78071689168093
2600 150.0 39.81986988740408
2601 150.05 39.85904084110426
2602 150.1 39.8982297680899
2603 150.15 39.93743668371436
2604 150.2 39.97666160337612
2605 150.25 40.015904542518896
2606 150.3 40.05516551663181
2607 150.35 40.094444541249516
2608 150.4 40.133741631952425
2609 150.45 40.17305680436677
2610 150.5 40.21239007416486
2611 150.55 40.25174145706513
2612 150.6 40.291110968832356
2613 150.65 40.330498625277826
2614 150.7 40.36990444225948
2615 150.75 40.409328435682085
2616 150.8 40.44877062149735
2617 150.85 40.48823101570413
2618 150.9 40.5277096343486
2619 150.95 40.56720649352435
2620 151.0 40.60672160937266
2621 151.05 40.64625499808257
2622 151.1 40.685806675891044
2623 151.15 40.7253766590832
2624 151.2 40.76496496399244
2625 151.25 40.804571607000625
2626 151.3 40.84419660453825
2627 151.35 40.88383997308459
2628 151.4 40.923501729167896
2629 151.45 40.96318188936557
2630 151.5 41.0028804703043
2631 151.55 41.042597488660256
2632 151.6 41.0823329611593
2633 151.65 41.1220869045771
2634 151.7 41.16185933573934
2635 151.75 41.20165027152187
2636 151.8 41.24145972885096
2637 151.85 41.28128772470337
2638 151.9 41.3211342761066
2639 151.95 41.360999400139065
2640 152.0 41.40088311393025
2641 152.05 41.4407854346609
2642 152.1 41.480706379563216
2643 152.15 41.520645965921034
2644 152.2 41.560604211070014
2645 152.25 41.600581132397814
2646 152.3 41.640576747344305
2647 152.35 41.68059107340169
2648 152.4 41.720624128114785
2649 152.45 41.76067592908116
2650 152.5 41.800746493951316
2651 152.55 41.84083584042891
2652 152.6 41.88094398627092
2653 152.65 41.92107094928788
2654 152.7 41.961216747344025
2655 152.75 42.0013813983575
2656 152.8 42.0415649203006
2657 152.85 42.081767331199934
2658 152.9 42.12198864913657
2659 152.95 42.16222889224635
2660 153.0 42.20248807872
2661 153.05 42.242766226803376
2662 153.1 42.28306335479763
2663 153.15 42.32337948105947
2664 153.2 42.36371462400135
2665 153.25 42.40406880209159
2666 153.3 42.444442033854706
2667 153.35 42.48483433787156
2668 153.4 42.52524573277957
2669 153.45 42.56567623727292
2670 153.5 42.606125870102794
2671 153.55 42.646594650077574
2672 153.6 42.687082596063036
2673 153.65 42.7275897269826
2674 153.7 42.76811606181752
2675 153.75 42.80866161960712
2676 153.8 42.84922641944899
2677 153.85 42.88981048049923
2678 153.9 42.93041382197266
2679 153.95 42.97103646314306
2680 154.0 43.01167842334334
2681 154.05 43.052339721965836
2682 154.1 43.09302037846247
2683 154.15 43.13372041234504
2684 154.2 43.174439843185404
2685 154.25 43.215178690615716
2686 154.3 43.25593697432866
2687 154.35 43.296714714077694
2688 154.4 43.33751192967727
2689 154.45 43.37832864100307
2690 154.5 43.41916486799228
2691 154.55 43.460020630643726
2692 154.6 43.50089594901823
2693 154.65 43.54179084323877
2694 154.7 43.58270533349077
2695 154.75 43.6236394400223
2696 154.8 43.66459318314435
2697 154.85 43.70556658323107
2698 154.9 43.74655966072
2699 154.95 43.787572436112335
2700 155.0 43.82860492997317
2701 155.05 43.86965716293174
2702 155.1 43.910729155681686
2703 155.15 43.9518209289813
2704 155.2 43.99293250365376
2705 155.25 44.03406390058746
2706 155.3 44.07521514073618
2707 155.35 44.11638624511935
2708 155.4 44.157577234822405
2709 155.45 44.19878813099692
2710 155.5 44.240018954860965
2711 155.55 44.28126972769934
2712 155.6 44.322540470863835
2713 155.65 44.36383120577347
2714 155.7 44.40514195391486
2715 155.75 44.44647273684236
2716 155.8 44.487823576178414
2717 155.85 44.52919449361381
2718 155.9 44.57058551090797
2719 155.95 44.6119966498892
2720 156.0 44.653427932455
2721 156.05 44.6948793805723
2722 156.1 44.73635101627779
2723 156.15 44.77784286167815
2724 156.2 44.81935493895038
2725 156.25 44.860887270342076
2726 156.3 44.90243987817168
2727 156.35 44.94401278482883
2728 156.4 44.985606012774625
2729 156.45 45.02721958454187
2730 156.5 45.06885352273545
2731 156.55 45.110507850032576
2732 156.6 45.15218258918309
2733 156.65 45.1938777630098
2734 156.7 45.2355933944087
2735 156.75 45.27732950634936
2736 156.8 45.319086121875166
2737 156.85 45.36086326410369
2738 156.9 45.402660956226924
2739 156.95 45.44447922151164
2740 157.0 45.486318083299686
2741 157.05 45.528177565008306
2742 157.1 45.570057690130454
2743 157.15 45.61195848223509
2744 157.2 45.653879964967516
2745 157.25 45.69582216204971
2746 157.3 45.73778509728063
2747 157.35 45.77976879453655
2748 157.4 45.821773277771335
2749 157.45 45.86379857101687
2750 157.5 45.90584469838331
2751 157.55 45.94791168405943
2752 157.6 45.989999552312945
2753 157.65 46.0321083274909
2754 157.7 46.07423803401994
2755 157.75 46.1163886964067
2756 157.8 46.158560339238115
2757 157.85 46.20075298718179
2758 157.9 46.24296666498631
2759 157.95 46.28520139748164
2760 158.0 46.327457209579435
2761 158.05 46.369734126273364
2762 158.1 46.412032172639556
2763 158.15 46.45435137383687
2764 158.2 46.496691755107285
2765 158.25 46.53905334177626
2766 158.3 46.58143615925309
2767 158.35 46.62384023303131
2768 158.4 46.666265588688994
2769 158.45 46.70871225188917
2770 158.5 46.75118024838019
2771 158.55 46.79366960399607
2772 158.6 46.836180344656896
2773 158.65 46.878712496369204
2774 158.7 46.92126608522636
2775 158.75 46.9638411374089
2776 158.8 47.00643767918496
2777 158.85 47.049055736910674
2778 158.9 47.09169533703053
2779 158.95 47.13435650607775
2780 159.0 47.177039270674726
2781 159.05 47.21974365753341
2782 159.1 47.262469693455664
2783 159.15 47.30521740533373
2784 159.2 47.34798682015059
2785 159.25 47.39077796498038
2786 159.3 47.43359086698881
2787 159.35 47.47642555343356
2788 159.4 47.51928205166472
2789 159.45 47.562160389125175
2790 159.5 47.60506059335103
2791 159.55 47.64798269197204
2792 159.6 47.69092671271206
2793 159.65 47.73389268338942
2794 159.7 47.77688063191739
2795 159.75 47.8198905863046
2796 159.8 47.86292257465548
2797 159.85 47.90597662517068
2798 159.9 47.94905276614756
2799 159.95 47.992151025980554
2800 160.0 48.03527143316168
2801 160.05 48.07841401628097
2802 160.1 48.121578804026925
2803 160.15 48.16476582518695
2804 160.2 48.20797510864782
2805 160.25 48.25120668339619
2806 160.3 48.29446057851897
2807 160.35 48.337736823203834
2808 160.4 48.38103544673969
2809 160.45 48.42435647851717
2810 160.5 48.46769994802908
2811 160.55 48.51106588487087
2812 160.6 48.55445431874114
2813 160.65 48.59786527944211
2814 160.7 48.6412987968801
2815 160.75 48.68475490106605
2816 160.8 48.728233622115965
2817 160.85 48.771734990251446
2818 160.9 48.81525903580017
2819 160.95 48.85880578919643
2820 161.0 48.90237528098164
2821 161.05 48.94596754180475
2822 161.1 48.98958260242288
2823 161.15 49.03322049370175
2824 161.2 49.07688124661627
2825 161.25 49.120564892251
2826 161.3 49.16427146180072
2827 161.35 49.20800098657094
2828 161.4 49.25175349797842
2829 161.45 49.295529027551716
2830 161.5 49.33932760693175
2831 161.55 49.38314926787232
2832 161.6 49.426994042240636
2833 161.65 49.470861962017935
2834 161.7 49.514753059299956
2835 161.75 49.55866736629752
2836 161.8 49.60260491533714
2837 161.85 49.64656573886153
2838 161.9 49.69054986943021
2839 161.95 49.73455733972003
2840 162.0 49.77858818252581
2841 162.05 49.82264243076088
2842 162.1 49.866720117457696
2843 162.15 49.910821275768356
2844 162.2 49.9549459389653
2845 162.25 49.99909414044181
2846 162.3 50.04326591371266
2847 162.35 50.08746129241472
2848 162.4 50.13168031030755
2849 162.45 50.17592300127402
2850 162.5 50.22018939932092
2851 162.55 50.264479538579565
2852 162.6 50.308793453306464
2853 162.65 50.3531311778839
2854 162.7 50.397492746820625
2855 162.75 50.44187819475242
2856 162.8 50.48628755644281
2857 162.85 50.53074001771182
2858 162.9 50.59942329637467
2859 162.95 50.66808414324342
2860 163.0 50.73672255831804
2861 163.05 50.8053385415986
2862 163.1 50.87393209308503
2863 163.15 50.94250321277736
2864 163.2 51.0110519006756
2865 163.25 51.07957815677974
2866 163.3 51.14808198108978
2867 163.35 51.21656337360573
2868 163.4 51.285022334327614
2869 163.45 51.353458863255405
2870 163.5 51.421872960389095
2871 163.55 51.49026462572869
2872 163.6 51.55863385927416
2873 163.65 51.626980661025534
2874 163.7 51.69530503098281
2875 163.75 51.76360696914599
2876 163.8 51.83188647551507
2877 163.85 51.90014355009009
2878 163.9 51.968378192870986
2879 163.95 52.036590403857815
2880 164.0 52.10478018305055
2881 164.05 52.172947530449186
2882 164.1 52.24109244605373
2883 164.15 52.30921492986414
2884 164.2 52.37731498188045
2885 164.25 52.44539260210267
2886 164.3 52.5134477905308
2887 164.35 52.58148054716486
2888 164.4 52.64949087200479
2889 164.45 52.71747876505066
2890 164.5 52.78544422630243
2891 164.55 52.853387255760104
2892 164.6 52.921307853423684
2893 164.65 52.989206019293135
2894 164.7 53.05708175336849
2895 164.75 53.12493505564975
2896 164.8 53.192765926136914
2897 164.85 53.26057436483001
2898 164.9 53.328360371728984
2899 164.95 53.39612394683389
2900 165.0 53.4638650901447
2901 165.05 53.531583801661384
2902 165.1 53.599280081384
2903 165.15 53.66695392931249
2904 165.2 53.73460534544689
2905 165.25 53.80223432978718
2906 165.3 53.869840882333385
2907 165.35 53.937425003085494
2908 165.4 54.0049866920435
2909 165.45 54.07252594920745
2910 165.5 54.1400427745773
2911 165.55 54.20753716815306
2912 165.6 54.275009129934716
2913 165.65 54.34245865992228
2914 165.7 54.40988575811571
2915 165.75 54.477290424515054
2916 165.8 54.544672659120295
2917 165.85 54.61203246193144
2918 165.9 54.67936983294849
2919 165.95 54.74668477217144
2920 166.0 54.8139772796003
2921 166.05 54.8812473552351
2922 166.1 54.94849499907576
2923 166.15 55.015720211122364
2924 166.2 55.082922991374836
2925 166.25 55.150103339833215
2926 166.3 55.217261256497494
2927 166.35 55.28439674136768
2928 166.4 55.35150979444377
2929 166.45 55.41860041572576
2930 166.5 55.48566860521366
2931 166.55 55.55271436290746
2932 166.6 55.61973768880716
2933 166.65 55.6867385829128
2934 166.7 55.75371704522431
2935 166.75 55.82067307574173
2936 166.8 55.887606674465054
2937 166.85 55.95451784139428
2938 166.9 56.02140657652941
2939 166.95 56.08827287987044
2940 167.0 56.155116751417374
2941 167.05 56.221938191170246
2942 167.1 56.288737199129024
2943 167.15 56.35551377529371
2944 167.2 56.42226791966429
2945 167.25 56.48899963224075
2946 167.3 56.55570891302311
2947 167.35 56.62239576201137
2948 167.4 56.68906017920554
2949 167.45 56.755702164605616
2950 167.5 56.82232171821159
2951 167.55 56.88891884002347
2952 167.6 56.95549353004129
2953 167.65 57.02204578826501
2954 167.7 57.08857561469463
2955 167.75 57.15508300933016
2956 167.8 57.22156797217156
2957 167.85 57.28803050321887
2958 167.9 57.35447060247208
2959 167.95 57.42088826993119
2960 168.0 57.4872835055962
2961 168.05 57.55365630946712
2962 168.1 57.62000668154395
2963 168.15 57.68633462182671
2964 168.2 57.75264013031534
2965 168.25 57.81892320700991
2966 168.3 57.88518385191035
2967 168.35 57.95142206501669
2968 168.4 58.01763784632894
2969 168.45 58.08383119584709
2970 168.5 58.15000211357115
2971 168.55 58.216150599501105
2972 168.6 58.28227665363697
2973 168.65 58.34838027597877
2974 168.7 58.414461466526475
2975 168.75 58.48052022528008
2976 168.8 58.54655655223959
2977 168.85 58.61257044740498
2978 168.9 58.67856191077627
2979 168.95 58.74453094235346
2980 169.0 58.81047754213655
2981 169.05 58.87640171012555
2982 169.1 58.94230344632045
2983 169.15 59.00818275072126
2984 169.2 59.074039623328005
2985 169.25 59.13987406414065
2986 169.3 59.2056860731592
2987 169.35 59.27147565038362
2988 169.4 59.33724279581395
2989 169.45 59.40298750945018
2990 169.5 59.46870979129231
2991 169.55 59.53440964134038
2992 169.6 59.60008705959432
2993 169.65 59.66574204605417
2994 169.7 59.73137460071995
2995 169.75 59.79698472359164
2996 169.8 59.8625724146692
2997 169.85 59.92813767395266
2998 169.9 59.99368050144203
2999 169.95 60.0592008971373
3000 170.0 60.124698861038475
3001 170.05 60.190174393145554
3002 170.1 60.25562749345853
3003 170.15 60.32105816197742
3004 170.2 60.38646639870224
3005 170.25 60.45185220363297
3006 170.3 60.517215576769594
3007 170.35 60.58255651811209
3008 170.4 60.6478750276605
3009 170.45 60.71317110541481
3010 170.5 60.77844475137502
3011 170.55 60.84369596554114
3012 170.6 60.90892474791319
3013 170.65 60.97413109849115
3014 170.7 61.03931501727498
3015 170.75 61.104476504264746
3016 170.8 61.16961555946042
3017 170.85 61.23473218286199
3018 170.9 61.29982637446947
3019 170.95 61.36489813428282
3020 171.0 61.429947462302074
3021 171.05 61.49497435852723
3022 171.1 61.55997882295829
3023 171.15 61.624960855595255
3024 171.2 61.689920456438124
3025 171.25 61.75485762548693
3026 171.3 61.81977236274164
3027 171.35 61.88466466820222
3028 171.4 61.949534541868736
3029 171.45 62.014381983741124
3030 171.5 62.07920699381942
3031 171.55 62.14400957210361
3032 171.6 62.208789718593714
3033 171.65 62.27354743328972
3034 171.7 62.33828271619163
3035 171.75 62.40299556729944
3036 171.8 62.46768598661319
3037 171.85 62.532353974132846
3038 171.9 62.59699952985837
3039 171.95 62.6616226537898
3040 172.0 62.72622334592713
3041 172.05 62.79080160627037
3042 172.1 62.85535743481951
3043 172.15 62.919890831574556
3044 172.2 62.9844017965355
3045 172.25 63.04889032970235
3046 172.3 63.11335643107514
3047 172.35 63.17780010065383
3048 172.4 63.2422213384384
3049 172.45 63.3066201444289
3050 172.5 63.37099651862527
3051 172.55 63.43535046102755
3052 172.6 63.499681971635724
3053 172.65 63.56399105044981
3054 172.7 63.6282776974698
3055 172.75 63.69254191269569
3056 172.8 63.756783696127485
3057 172.85 63.82100304776522
3058 172.9 63.885199967608855
3059 172.95 63.949374455658365
3060 173.0 64.01352651191381
3061 173.05 64.07765613637513
3062 173.1 64.14176332904235
3063 173.15 64.20584808991548
3064 173.2 64.2699104189945
3065 173.25 64.33395031627943
3066 173.3 64.39796778177026
3067 173.35 64.461962815467
3068 173.4 64.52593541736968
3069 173.45 64.58988558747822
3070 173.5 64.6538133257927
3071 173.55 64.71771863231305
3072 173.6 64.78160150703931
3073 173.65 64.84546194997148
3074 173.7 64.90929996110954
3075 173.75 64.9731155404535
3076 173.8 65.03690868800338
3077 173.85 65.10067940375916
3078 173.9 65.16442768772087
3079 173.95 65.22815353988847
3080 174.0 65.291856960262
3081 174.05 65.35553794884139
3082 174.1 65.41919650562669
3083 174.15 65.48283263061789
3084 174.2 65.54644632381503
3085 174.25 65.61003758521804
3086 174.3 65.67360641482695
3087 174.35 65.73715281264177
3088 174.4 65.80067677866249
3089 174.45 65.86417831288915
3090 174.5 65.92765741532168
3091 174.55 65.99111408596013
3092 174.6 66.05454832480447
3093 174.65 66.11796013185472
3094 174.7 66.18134950711087
3095 174.75 66.24471645057291
3096 174.8 66.30806096224086
3097 174.85 66.37138304211472
3098 174.9 66.4346826901945
3099 174.95 66.4979599064802
3100 175.0 66.56121469097181
3101 175.05 66.62444704366928
3102 175.1 66.68765696457265
3103 175.15 66.75084445368194
3104 175.2 66.81400951099712
3105 175.25 66.87715213651822
3106 175.3 66.94027233024521
3107 175.35 67.0033700921781
3108 175.4 67.0664454223169
3109 175.45 67.12949832066164
3110 175.5 67.19252878721228
3111 175.55 67.25553682196879
3112 175.6 67.31852242493123
3113 175.65 67.38148559609955
3114 175.7 67.44442633547378
3115 175.75 67.50734464305391
3116 175.8 67.57024051883994
3117 175.85 67.63311396283187
3118 175.9 67.69596497502971
3119 175.95 67.75879355543348
3120 176.0 67.82159970404317
3121 176.05 67.88438342085875
3122 176.1 67.9471447058802
3123 176.15 68.00988355910756
3124 176.2 68.07259998054083
3125 176.25 68.13529397018
3126 176.3 68.19796552802511
3127 176.35 68.26061465407608
3128 176.4 68.32324134833296
3129 176.45 68.38584561079574
3130 176.5 68.44842744146443
3131 176.55 68.51098684033906
3132 176.6 68.57352380741955
3133 176.65 68.63603834270594
3134 176.7 68.69853044619825
3135 176.75 68.76100011789646
3136 176.8 68.82344735780057
3137 176.85 68.88587216591058
3138 176.9 68.94827454222653
3139 176.95 69.01065448674835
3140 177.0 69.07301199947608
3141 177.05 69.13534708040974
3142 177.1 69.19765972954929
3143 177.15 69.25994994689472
3144 177.2 69.32221773244606
3145 177.25 69.38446308620331
3146 177.3 69.44668600816647
3147 177.35 69.50888649833553
3148 177.4 69.57106455671048
3149 177.45 69.63322018329134
3150 177.5 69.69535337807811
3151 177.55 69.75746414107078
3152 177.6 69.81955247226936
3153 177.65 69.88161837167388
3154 177.7 69.94366183928426
3155 177.75 70.00568287510055
3156 177.8 70.06768147912274
3157 177.85 70.12965765135084
3158 177.9 70.19161139178483
3159 177.95 70.25354270042473
3160 178.0 70.31545157727054
3161 178.05 70.37733802232225
3162 178.1 70.4392020355799
3163 178.15 70.50104361704345
3164 178.2 70.56286276671287
3165 178.25 70.6246594845882
3166 178.3 70.68643377066942
3167 178.35 70.74818562495656
3168 178.4 70.80991504744964
3169 178.45 70.87162203814857
3170 178.5 70.93330659705342
3171 178.55 70.99496872416417
3172 178.6 71.05660841948082
3173 178.65 71.11822568300339
3174 178.7 71.17982051473189
3175 178.75 71.24139291466625
3176 178.8 71.30294288280652
3177 178.85 71.3644704191527
3178 178.9 71.42597552370478
3179 178.95 71.48745819646275
3180 179.0 71.54891843742664
3181 179.05 71.61035624659645
3182 179.1 71.67177162397218
3183 179.15 71.73316456955381
3184 179.2 71.79453508334132
3185 179.25 71.85588316533475
3186 179.3 71.91720881553405
3187 179.35 71.97851203393927
3188 179.4 72.03979282055039
3189 179.45 72.10105117536742
3190 179.5 72.16228709839034
3191 179.55 72.22350058961919
3192 179.6 72.28469164905395
3193 179.65 72.34586027669462
3194 179.7 72.4070064725412
3195 179.75 72.46813023659364
3196 179.8 72.52923156885201
3197 179.85 72.59031046931626
3198 179.9 72.65136693798642
3199 179.95 72.71240097486249
3200 180.0 72.77341257994449
3201 180.05 72.83440175323236
3202 180.1 72.89536849472613
3203 180.15 72.9563128044258
3204 180.2 73.01723468233142
3205 180.25 73.07813412844291
3206 180.3 73.13901114276032
3207 180.35 73.19986572528362
3208 180.4 73.26069787601281
3209 180.45 73.32150759494792
3210 180.5 73.38229488208893
3211 180.55 73.44305973743583
3212 180.6 73.50380216098864
3213 180.65 73.56452215274736
3214 180.7 73.62521971271198
3215 180.75 73.68589484088254
3216 180.8 73.74654753725896
3217 180.85 73.80717780184132
3218 180.9 73.86778563462956
3219 180.95 73.9283710356237
3220 181.0 73.98893400482375
3221 181.05 74.04947454222973
3222 181.1 74.10999264784158
3223 181.15 74.17048832165933
3224 181.2 74.230961563683
3225 181.25 74.29141237391259
3226 181.3 74.35184075234807
3227 181.35 74.41224669898946
3228 181.4 74.47263021383674
3229 181.45 74.53299129688992
3230 181.5 74.593329948149
3231 181.55 74.653646167614
3232 181.6 74.71393995528489
3233 181.65 74.77421131116171
3234 181.7 74.83446023524444
3235 181.75 74.89468672753307
3236 181.8 74.95489078802758
3237 181.85 75.01507241672803
3238 181.9 75.07523161363437
3239 181.95 75.13536837874659
3240 182.0 75.19548271206472
3241 182.05 75.25557461358875
3242 182.1 75.31564408331867
3243 182.15 75.3756911212545
3244 182.2 75.43571572739627
3245 182.25 75.49571790174394
3246 182.3 75.5556976442975
3247 182.35 75.61565495505698
3248 182.4 75.67558983402233
3249 182.45 75.73550228119356
3250 182.5 75.79539229657072
3251 182.55 75.8552598801538
3252 182.6 75.91510503194277
3253 182.65 75.97492775193767
3254 182.7 76.03472804013845
3255 182.75 76.09450589654513
3256 182.8 76.15426132115775
3257 182.85 76.21399431397624
3258 182.9 76.27370487500066
3259 182.95 76.33339300423098
3260 183.0 76.39305870166719
3261 183.05 76.4527019673093
3262 183.1 76.51232280115731
3263 183.15 76.57192120321122
