0 20 0
1 20.1 -0.008103796555147473
2 20.2 -0.015330518840145455
3 20.3 -0.021705459941687405
4 20.4 -0.02725243165169699
5 20.5 -0.03199389124323218
6 20.6 -0.035951054107374564
7 20.7 -0.039143994176774326
8 20.8 -0.04159173375415953
9 20.9 -0.043312324112643345
10 21.0 -0.04432291802773615
11 21.1 -0.04463983522977738
12 21.2 -0.0442786216231495
13 21.3 -0.043254102999691374
14 21.4 -0.04158043387388475
15 21.5 -0.039271141983211966
16 21.6 -0.036339168925822035
17 21.7 -0.032796907347075674
18 21.8 -0.0286562350348688
19 21.9 -0.023928546239393066
20 22.0 -0.01862478049498272
21 22.1 -0.01275544918893411
22 22.2 -0.0063306600938544625
23 22.3 0.0006398599444737722
24 22.4 0.008146743993097734
25 22.5 0.016180965539793816
26 22.6 0.024733820387189354
27 22.7 0.03379690981172795
28 22.8 0.043362124878662436
29 22.9 0.0534216318153296
30 23.0 0.06396785835473473
31 23.1 0.07499348097012534
32 23.2 0.08649141292890546
33 23.3 0.0984547931010614
34 23.4 0.11087697546334059
35 23.5 0.12375151924584447
36 23.6 0.13707217967253726
37 23.7 0.15083289925150992
38 23.8 0.16502779957472802
39 23.9 0.17965117359048824
40 24.0 0.194697478314952
41 24.1 0.21016132795196388
42 24.2 0.2260374873929188
43 24.3 0.24232086607075976
44 24.4 0.259006512144283
45 24.5 0.27608960699082735
46 24.6 0.29356545998715133
47 24.7 0.311429503559871
48 24.8 0.32967728848825834
49 24.9 0.34830447944350396
50 25.0 0.36730685074973524
51 25.1 0.3866802823531678
52 25.2 0.40642075598675914
53 25.3 0.42652435151864704
54 25.4 0.4469872434734861
55 25.5 0.46780569771656255
56 25.6 0.48897606829127066
57 25.7 0.5104947944011821
58 25.8 0.5323583975285332
59 25.9 0.5545634786815058
60 26.0 0.5771067157631817
61 26.1 0.5999848610555233
62 26.2 0.6231947388121544
63 26.3 0.6467332429541284
64 26.4 0.6705973348632315
65 26.5 0.6947840412677113
66 26.6 0.7192904522156482
67 26.7 0.7441137191314672
68 26.8 0.7692510529513772
69 26.9 0.7946997223337684
70 27.0 0.8204570519408406
71 27.1 0.8465204207879535
72 27.2 0.8728872606573971
73 27.3 0.8995550545734717
74 27.4 0.9265213353359426
75 27.5 0.9537836841091081
76 27.6 0.9813397290638665
77 27.7 1.009187144070322
78 27.8 1.0373236474385987
79 27.9 1.0657470007056662
80 28.0 1.0944550074660928
81 28.1 1.123445512244756
82 28.2 1.1527163994096545
83 28.3 1.182265592123047
84 28.4 1.2120910513292509
85 28.5 1.2421907747775147
86 28.6 1.2725627960784562
87 28.7 1.3032051837926424
88 28.8 1.3341160405499564
89 28.9 1.3652935021984622
90 29.0 1.3967357369815463
91 29.1 1.4284409447421662
92 29.2 1.46040735615312
93 29.3 1.4926332319722517
94 29.4 1.5251168623216276
95 29.5 1.5578565659897037
96 29.6 1.590850689755588
97 29.7 1.624097607734529
98 29.8 1.6575957207438057
99 29.9 1.6913434556882283
100 30.0 1.7253392649645094
101 30.1 1.759581625883774
102 30.2 1.794069040111537
103 30.3 1.8288000331244922
104 30.4 1.8637731536834827
105 30.5 1.8989869733220544
106 30.6 1.9344400858500426
107 30.7 1.9701311068716136
108 30.8 2.006058673317268
109 30.9 2.042221442989293
110 31.0 2.078618094120186
111 31.1 2.1152473249435904
112 31.2 2.1521078532773146
113 31.3 2.1891984161179985
114 31.4 2.2265177692470393
115 31.5 2.2640646868473837
116 31.6 2.301837961130809
117 31.7 2.3398364019753557
118 31.8 2.3780588365725523
119 31.9 2.4165041090841144
120 32.0 2.455171080307804
121 32.1 2.494058627352142
122 32.2 2.5331656433196863
123 32.3 2.5724910369986023
124 32.4 2.612033732562246
125 32.5 2.651792669276517
126 32.6 2.691766801214717
127 32.7 2.7319550969796924
128 32.8 2.772356539433021
129 32.9 2.8129701254310207
130 33.0 2.853794865567378
131 33.1 2.8948297839221824
132 33.2 2.9360739178171777
133 33.3 2.97752631757703
134 33.4 3.019186046296439
135 33.5 3.0610521796129118
136 33.6 3.1031238054850334
137 33.7 3.1454000239760647
138 33.8 3.1878799470427137
139 33.9 3.230562698328926
140 34.0 3.2734474129645506
141 34.1 3.316533237368732
142 34.2 3.359819329057905
143 34.3 3.4033048564582384
144 34.4 3.446988998722432
145 34.5 3.490870945550705
146 34.6 3.5349498970158897
147 34.7 3.579225063392498
148 34.8 3.6236956649896497
149 34.9 3.6683609319877752
150 35.0 3.7132201042789497
151 35.1 3.758272431310799
152 35.2 3.803517171933853
153 35.3 3.8489535942522735
154 35.4 3.8945809754778367
155 35.5 3.940398601787115
156 35.6 3.9864057681817515
157 35.7 4.032601778351756
158 35.8 4.078985944541723
159 35.9 4.125557587419935
160 36.0 4.172316035950218
161 36.1 4.219260627266545
162 36.2 4.266390706550251
163 36.3 4.313705626909838
164 36.4 4.3612047492632815
165 36.5 4.408887442222791
166 36.6 4.456753081981935
167 36.7 4.5048010522051065
168 36.8 4.553030743919237
169 36.9 4.601441555407735
170 37.0 4.650032892106555
171 37.1 4.698804166502383
172 37.2 4.747754798032868
173 37.3 4.796884212988835
174 37.4 4.846191844418475
175 37.5 4.895677132033405
176 37.6 4.94533952211661
177 37.7 4.995178467432181
178 37.8 5.045193427136829
179 37.9 5.09538386669312
180 38.0 5.1457492577843995
181 38.1 5.196289078231357
182 38.2 5.247002811910207
183 38.3 5.297889948672438
184 38.4 5.348949984266083
185 38.5 5.400182420258496
186 38.6 5.451586763960609
187 38.7 5.503162528352595
188 38.8 5.5549092320109255
189 38.9 5.606826399036826
190 39.0 5.658913558986044
191 39.1 5.7111702467999175
192 39.2 5.76359600273774
193 39.3 5.816190372310356
194 39.4 5.868952906214984
195 39.5 5.921883160271243
196 39.6 5.974980695358334
197 39.7 6.0282450773533585
198 39.8 6.081675877070771
199 39.9 6.135272670202924
200 40.0 6.189035037261668
201 40.1 6.242962563521012
202 40.2 6.297054838960805
203 40.3 6.351311458211417
204 40.4 6.405732020499408
205 40.5 6.460316129594159
206 40.6 6.515063393755442
207 40.7 6.569973425681913
208 40.8 6.6250458424605
209 40.9 6.680280265516684
210 41.0 6.7356763205656565
211 41.1 6.7912336375643
212 41.2 6.846951850664023
213 41.3 6.902830598164395
214 41.4 6.958869522467584
215 41.5 7.015068270033584
216 41.6 7.071426491336198
217 41.7 7.127943840819772
218 41.8 7.184619976856684
219 41.9 7.241454561705535
220 42.0 7.298447261470048
221 42.1 7.355597746058671
222 42.2 7.412905689144877
223 42.3 7.470370768128081
224 42.4 7.527992664095266
225 42.5 7.585771061783229
226 42.6 7.643705649541437
227 42.7 7.70179611929555
228 42.8 7.760042166511501
229 42.9 7.818443490160197
230 43.0 7.876999792682807
231 43.1 7.93571077995661
232 43.2 7.994576161261407
233 43.3 8.053595649246502
234 43.4 8.112768959898197
235 43.5 8.172095812507846
236 43.6 8.231575929640428
237 43.7 8.29120903710361
238 43.8 8.350994863917332
239 43.9 8.410933142283902
240 44.0 8.471023607558545
241 44.1 8.531265998220446
242 44.2 8.59166005584427
243 44.3 8.652205525072125
244 44.4 8.712902153585993
245 44.5 8.773749692080596
246 44.6 8.834747894236708
247 44.7 8.895896516694895
248 44.8 8.957195319029662
249 44.9 9.018644063724036
250 45.0 9.080242516144558
251 45.1 9.141990444516658
252 45.2 9.203887619900431
253 45.3 9.265933816166802
254 45.4 9.3281288099741
255 45.5 9.390472380744955
256 45.6 9.452964310643598
257 45.7 9.515604384553532
258 45.8 9.578392390055525
259 45.9 9.64132811740599
260 46.0 9.704411359515692
261 46.1 9.767641911928804
262 46.2 9.831019572802271
263 46.3 9.894544142885563
264 46.4 9.958215425500686
265 46.5 10.02203322652255
266 46.6 10.08599735435964
267 46.7 10.150107619935012
268 46.8 10.214363836667573
269 46.9 10.278765820453659
270 47.0 10.343313389648936
271 47.1 10.408006365050557
272 47.2 10.47284456987963
273 47.3 10.537827829763982
274 47.4 10.602955972721142
275 47.5 10.668228829141668
276 47.6 10.733646231772699
277 47.7 10.799208015701783
278 47.8 10.864914018340995
279 47.9 10.930764079411246
280 48.0 10.996758040926942
281 48.1 11.062895747180796
282 48.2 11.12917704472897
283 48.3 11.195601782376404
284 48.4 11.262169811162412
285 48.5 11.32888098434652
286 48.6 11.395735157394505
287 48.7 11.462732187964718
288 48.8 11.529871935894576
289 48.9 11.597154263187335
290 49.0 11.66457903399904
291 49.1 11.73214611462571
292 49.2 11.799855373490766
293 49.3 11.86770668113261
294 49.4 11.935699910192472
295 49.5 12.003834935402448
296 49.6 12.072111633573723
297 49.7 12.140529883585026
298 49.8 12.209089566371265
299 49.9 12.277790564912353
300 50.0 12.346632764222264
301 50.1 12.415616051338244
302 50.2 12.484740315310232
303 50.3 12.554005447190457
304 50.4 12.623411340023251
305 50.5 12.692957888834975
306 50.6 12.762644990624223
307 50.7 12.832472544352125
308 50.8 12.902440450932875
309 50.9 12.972548613224399
310 51.0 13.04288840951017
311 51.1 13.113315087743446
312 51.2 13.18382841720719
313 51.3 13.25442816933146
314 51.4 13.325114117668877
315 51.5 13.395886037870474
316 51.6 13.466743707661928
317 51.7 13.5376869068202
318 51.8 13.608715417150544
319 51.9 13.679829022463833
320 52.0 13.751027508554346
321 52.1 13.822310663177824
322 52.2 13.893678276029862
323 52.3 13.965130138724739
324 52.4 14.036666044774464
325 52.5 14.10828578956823
326 52.6 14.179989170352167
327 52.7 14.25177598620936
328 52.8 14.323646038040273
329 52.9 14.395599128543378
330 53.0 14.467635062196143
331 53.1 14.539753645236276
332 53.2 14.611954685643285
333 53.3 14.684237993120293
334 53.4 14.756603379076127
335 53.5 14.829050656607713
336 53.6 14.901579640482707
337 53.7 14.974190147122346
338 53.8 15.046881994584673
339 53.9 15.119655002547873
340 54.0 15.192508992293952
341 54.1 15.26544378669263
342 54.2 15.33845921018546
343 54.3 15.411555088770186
344 54.4 15.48473124998533
345 54.5 15.557987522895031
346 54.6 15.631323738074054
347 54.7 15.704739727593049
348 54.8 15.778235325004054
349 54.9 15.851810365326104
350 55.0 15.925464685031189
351 55.1 15.999198122030284
352 55.2 16.07301051565965
353 55.3 16.146901706667354
354 55.4 16.22087153719986
355 55.5 16.294919850788972
356 55.6 16.369046492338843
357 55.7 16.443251308113208
358 55.8 16.517534145722802
359 55.9 16.591894854112958
360 56.0 16.66633328355132
361 56.1 16.740849285615834
362 56.2 16.815442713182815
363 56.3 16.890113420415215
364 56.4 16.964861262751064
365 56.5 17.039686096892027
366 56.6 17.114587780792192
367 56.7 17.18956617364692
368 56.8 17.264621135881935
369 56.9 17.33975252914249
370 57.0 17.41496021628276
371 57.1 17.490244061355295
372 57.2 17.56560392960067
373 57.3 17.641039687437257
374 57.4 17.716551202451146
375 57.5 17.792138343386185
376 57.6 17.86780098013415
377 57.7 17.943538983725105
378 57.8 18.01935222631782
379 57.9 18.095240581190303
380 58.0 18.171203922730584
381 58.1 18.247242126427466
382 58.2 18.32335506886147
383 58.3 18.39954262769597
384 58.4 18.47580468166828
385 58.5 18.552141110581015
386 58.6 18.62855179529347
387 58.7 18.705036617713155
388 58.8 18.781595460787457
389 58.9 18.858228208495348
390 59.0 18.934934745839247
391 59.1 19.01171495883699
392 59.2 19.08856873451388
393 59.3 19.165495960894884
394 59.4 19.242496526996852
395 59.5 19.31957032282093
396 59.6 19.396717239345005
397 59.7 19.473937168516283
398 59.8 19.55123000324394
399 59.9 19.62859563739189
400 60.0 19.706033965771596
401 60.1 19.783544884135043
402 60.2 19.861128289167777
403 60.3 19.93878407848199
404 60.4 20.016512150609767
405 60.5 20.09431240499632
406 60.6 20.172184741993423
407 60.7 20.250129062852867
408 60.8 20.328145269719975
409 60.9 20.406233265627268
410 61.0 20.484392954488154
411 61.1 20.56262424109071
412 61.2 20.640927031091564
413 61.3 20.719301231009826
414 61.4 20.79774674822112
415 61.5 20.876263490951665
416 61.6 20.95485136827249
417 61.7 21.03351029009362
418 61.8 21.112240167158433
419 61.9 21.191040911038026
420 62.0 21.269912434125676
421 62.1 21.348854649631395
422 62.2 21.427867471576462
423 62.3 21.506950814788166
424 62.4 21.586104594894497
425 62.5 21.665328728318936
426 62.6 21.744623132275326
427 62.7 21.823987724762826
428 62.8 21.90342242456086
429 62.9 21.982927151224192
430 63.0 22.062501825078026
431 63.1 22.1421463672132
432 63.2 22.221860699481415
433 63.3 22.301644744490513
434 63.4 22.381498425599844
435 63.5 22.461421666915708
436 63.6 22.5414143932868
437 63.7 22.621476530299695
438 63.8 22.701608004274494
439 63.9 22.78180874226046
440 64.0 22.862078672031632
441 64.1 22.942417722082656
442 64.2 23.022825821624565
443 64.3 23.103302900580623
444 64.4 23.183848889582197
445 64.5 23.264463719964763
446 64.6 23.345147323763868
447 64.7 23.425899633711243
448 64.8 23.506720583230855
449 64.9 23.587610106435072
450 65.0 23.668568138120886
451 65.1 23.749594613766153
452 65.2 23.830689469525893
453 65.3 23.91185264222862
454 65.4 23.993084069372763
455 65.5 24.074383689123092
456 65.6 24.155751440307192
457 65.7 24.23718726241194
458 65.8 24.318691095580224
459 65.9 24.40026288060739
460 66.0 24.481902558938014
461 66.1 24.563610072662506
462 66.2 24.64538536451396
463 66.3 24.727228377864893
464 66.4 24.809139056724053
465 66.5 24.89111734573327
466 66.6 24.973163190164428
467 66.7 25.055276535916356
468 66.8 25.137457329511843
469 66.9 25.219705518094674
470 67.0 25.30202104942665
471 67.1 25.384403871884732
472 67.2 25.466853934458207
473 67.3 25.549371186745766
474 67.4 25.631955578952816
475 67.5 25.7146070618887
476 67.6 25.797325586964014
477 67.7 25.8801111061879
478 67.8 25.962963572165382
479 67.9 26.045882938094806
480 68.0 26.128869157765305
481 68.1 26.211922185554194
482 68.2 26.29504197642447
483 68.3 26.37822848592245
484 68.4 26.461481670175214
485 68.5 26.544801485888257
486 68.6 26.628187890343174
487 68.7 26.711640841395234
488 68.8 26.795160297471146
489 68.9 26.878746217566775
490 69.0 26.962398561244907
491 69.1 27.04611728863304
492 69.2 27.12990236042123
493 69.3 27.213753737859882
494 69.4 27.297671382757752
495 69.5 27.38165525747977
496 69.6 27.46570532494505
497 69.7 27.549821548624795
498 69.8 27.634003892540413
499 69.9 27.71825232126147
500 70.0 27.802566799903758
501 70.1 27.88694729412749
502 70.2 27.971393770135276
503 70.3 28.05590619467042
504 70.4 28.14048453501498
505 70.5 28.225128758988074
506 70.6 28.30983883494405
507 70.7 28.3946147317708
508 70.8 28.47945641888804
509 70.9 28.5643638662456
510 71.0 28.649337044321822
511 71.1 28.734375924121828
512 71.2 28.819480477176093
513 71.3 28.904650675538715
514 71.4 28.9898864917859
515 71.5 29.075187899014523
516 71.6 29.160554870840535
517 71.7 29.245987381397565
518 71.8 29.331485405335414
519 71.9 29.41704891781862
520 72.0 29.50267789452518
521 72.1 29.588372311645063
522 72.2 29.67413214587886
523 72.3 29.75995737443655
524 72.4 29.84584797503619
525 72.5 29.931803925902553
526 72.6 30.017825205765938
527 72.7 30.103911793860945
528 72.8 30.190063669925284
529 72.9 30.276280814198564
530 73.0 30.362563207421168
531 73.1 30.4489108308331
532 73.2 30.535323666172886
533 73.3 30.62180169567648
534 73.4 30.708344902076245
535 73.5 30.794953268599848
536 73.6 30.88162677896927
537 73.7 30.968365417399855
538 73.8 31.055169168599246
539 73.9 31.142038017766453
540 74.0 31.228971950591035
541 74.1 31.315970953252073
542 74.2 31.403035012417355
543 74.3 31.490164115242433
544 74.4 31.5773582493699
545 74.5 31.664617402928446
546 74.6 31.751941564532153
547 74.7 31.839330723279648
548 74.8 31.926784868753437
549 74.9 32.01430399101909
550 75.0 32.10188808062456
551 75.1 32.189537128599476
552 75.2 32.27725112645445
553 75.3 32.36503006618052
554 75.4 32.452873940248445
555 75.5 32.540782741608034
556 75.6 32.628756463687736
557 75.7 32.71679510039391
558 75.8 32.80489864611032
559 75.9 32.89306709569768
560 76.0 32.981300444493016
561 76.1 33.06959868830933
562 76.2 33.15796182343497
563 76.3 33.24638984663333
564 76.4 33.33488275514234
565 76.5 33.42344054667405
566 76.6 33.51206321941434
567 76.7 33.6007507720224
568 76.8 33.689503203630544
569 76.9 33.778320513843724
570 77.0 33.86720270273938
571 77.1 33.95614977086706
572 77.2 34.04516171924811
573 77.3 34.13423854937553
574 77.4 34.2233802632137
575 77.5 34.31258686319811
576 77.6 34.40185835223529
577 77.7 34.49119473370253
578 77.8 34.580596011447774
579 77.9 34.670062189789476
580 78.0 34.759593273516515
581 78.1 34.84918926788807
582 78.2 34.93885017863353
583 78.3 35.02857601195248
584 78.4 35.11836677451464
585 78.5 35.20822247345986
586 78.6 35.29814311639808
587 78.7 35.38812871140944
588 78.8 35.47817926704424
589 78.9 35.56829479232301
590 79.0 35.658475296736604
591 79.1 35.74872079024631
592 79.2 35.83903128328394
593 79.3 35.929406786752
594 79.4 36.01984731202377
595 79.5 36.11035287094359
596 79.6 36.20092347582697
597 79.7 36.2915591394608
598 79.8 36.38225987510363
599 79.9 36.4730256964859
600 80.0 36.56385661781016
601 80.1 36.65475265375149
602 80.2 36.74571381945761
603 80.3 36.83674013054942
604 80.4 36.92783160312117
605 80.5 37.01898825374093
606 80.6 37.110210099450924
607 80.7 37.20149715776802
608 80.8 37.292849446684
609 80.9 37.38426698466611
610 81.0 37.475749790657524
611 81.1 37.567297884077796
612 81.2 37.65891128482333
613 81.3 37.75059001326798
614 81.4 37.8423340902635
615 81.5 37.93414353714017
616 81.6 38.02601837570738
617 81.7 38.11795862825414
618 81.8 38.20996431754976
619 81.9 38.30203546684453
620 82.0 38.394172099870325
621 82.1 38.48637424084123
622 82.2 38.57864191445434
623 82.3 38.670975145890445
624 82.4 38.76337396081471
625 82.5 38.85583838537747
626 82.6 38.94836844621505
627 82.7 39.04096417045051
628 82.8 39.13362558569442
629 82.9 39.2263527200458
630 83.0 39.31914560209292
631 83.1 39.41200426091417
632 83.2 39.50492872607902
633 83.3 39.59791902764882
634 83.4 39.69097519617784
635 83.5 39.78409726271419
636 83.6 39.87728525880086
637 83.7 39.970539216476624
638 83.8 40.06385916827711
639 83.9 40.15724514723589
640 84.0 40.25069718688544
641 84.1 40.34421532125833
642 84.2 40.437799584888275
643 84.3 40.531450012811234
644 84.4 40.6251666405667
645 84.5 40.71894950419869
646 84.6 40.812798640257036
647 84.7 40.906714085798626
648 84.8 41.00069587838854
649 84.9 41.09474405610142
650 85.0 41.18885865752271
651 85.1 41.283039721749915
652 85.2 41.37728728839397
653 85.3 41.47160139758059
654 85.4 41.56598208995167
655 85.5 41.66042940666656
656 85.6 41.75494338940366
657 85.7 41.84952408036168
658 85.8 41.94417152226125
659 85.9 42.03888575834633
660 86.0 42.133666832385686
661 86.1 42.228514788674524
662 86.2 42.32342967203597
663 86.3 42.41841152782268
664 86.4 42.51346040191844
665 86.5 42.60857634073979
666 86.6 42.703759391237675
667 86.7 42.79900960089912
668 86.8 42.894327017748935
669 86.9 42.98971169035149
670 87.0 43.08516366781236
671 87.1 43.18068299978019
672 87.2 43.27626973644848
673 87.3 43.371923928557386
674 87.4 43.46764562739561
675 87.5 43.563434884802255
676 87.6 43.65929175316871
677 87.7 43.75521628544063
678 87.8 43.85120853511986
679 87.9 43.94726855626639
680 88.0 44.04339640350048
681 88.1 44.13959213200453
682 88.2 44.23585579752531
683 88.3 44.332187456375905
684 88.4 44.428587165437946
685 88.5 44.52505498216371
686 88.6 44.62159096457828
687 88.7 44.7181951712818
688 88.8 44.81486766145163
689 88.9 44.91160849484468
690 89.0 45.00841773179968
691 89.1 45.105295433239476
692 89.2 45.20224166067336
693 89.3 45.299256476199496
694 89.4 45.39633994250731
695 89.5 45.49349212287992
696 89.6 45.5907130811966
697 89.7 45.688002881935276
698 89.8 45.78536159017509
699 89.9 45.882789271598895
700 90.0 45.98028599249589
701 90.1 46.077851819764234
702 90.2 46.17548682091369
703 90.3 46.27319106406833
704 90.4 46.37096461796925
705 90.5 46.46880755197731
706 90.6 46.5667199360759
707 90.7 46.66470184087378
708 90.8 46.76275333760796
709 90.9 46.86087449814654
710 91.0 46.95906539499164
711 91.1 47.05732610128237
712 91.2 47.15565669079778
713 91.3 47.254057237959984
714 91.4 47.352527817837014
715 91.5 47.45106850614617
716 91.6 47.54967937925699
717 91.7 47.648360514194444
718 91.8 47.74711198864213
719 91.9 47.84593388094559
720 92.0 47.944826270115485
721 92.1 48.043789235830985
722 92.2 48.1428228584431
723 92.3 48.241927218978084
724 92.4 48.34110239914083
725 92.5 48.440348481318416
726 92.6 48.53966554858356
727 92.7 48.63905368469815
728 92.8 48.73851297411693
729 92.9 48.83804350199102
730 93.0 48.93764535417172
731 93.1 49.03731861721406
732 93.2 49.13706337838083
733 93.3 49.23687972564597
734 93.4 49.336767747698815
735 93.5 49.43672753394798
736 93.6 49.536759174524754
737 93.7 49.63686276028773
738 93.8 49.73703838282649
739 93.9 49.837286134465764
740 94.0 49.93760610826952
741 94.1 50.03799839804516
742 94.2 50.138463098347685
743 94.3 50.2390003044839
744 94.4 50.33961011251694
745 94.5 50.44029261927029
746 94.6 50.541047922332446
747 94.7 50.64187612006129
748 94.8 50.742777311588576
749 94.9 50.84375159682449
750 95.0 50.94479907646225
751 95.1 51.04591985198274
752 95.2 51.147114025659285
753 95.3 51.24838170056229
754 95.4 51.349722980564245
755 95.5 51.45113797034433
756 95.6 51.552626775393634
757 95.7 51.65418950201985
758 95.8 51.75582625735255
759 95.9 51.85753714934811
760 96.0 51.959322286794965
761 96.1 52.06118177931866
762 96.2 52.163115737387294
763 96.3 52.26512427231681
764 96.4 52.367207496276265
765 96.5 52.46936552229338
766 96.6 52.57159846426003
767 96.7 52.67390643693775
768 96.8 52.77628955596347
769 96.9 52.87874793785512
770 97.0 52.98128170001743
771 97.1 53.08389096074779
772 97.2 53.18657583924201
773 97.3 53.289336455600434
774 97.4 53.39217293083388
775 97.5 53.49508538686981
776 97.6 53.5980739465583
777 97.7 53.701138733678555
778 97.8 53.80427987294493
779 97.9 53.90749749001362
780 98.0 54.01079171148871
781 98.1 54.114162664929104
782 98.2 54.21761047885483
783 98.3 54.321135282753914
784 98.4 54.42473720708892
785 98.5 54.528416383303934
786 98.6 54.63217294383145
787 98.7 54.73600702209931
788 98.8 54.83991875253779
789 98.9 54.94390827058674
790 99.0 55.047975712702794
791 99.1 55.15212121636671
792 99.2 55.25634492009083
793 99.3 55.3606469634264
794 99.4 55.46502748697126
795 99.5 55.56948663237748
796 99.6 55.67402454235909
797 99.7 55.77864136069995
798 99.8 55.88333723226158
799 99.9 55.98811230299132
800 100.0 56.09296671993036
801 100.1 56.19790063122196
802 100.2 56.302914186119736
803 100.3 56.40800753499613
804 100.4 56.51318082935082
805 100.5 56.618434221819435
806 100.6 56.723767866182136
807 100.7 56.82918191737252
808 100.8 56.93467653148648
809 100.9 57.04025186579125
810 101.0 57.145908078734514
811 101.1 57.25164532995367
812 101.2 57.35746378028509
813 101.3 57.463363591773685
814 101.4 57.5693449276824
815 101.5 57.675407952501935
816 101.6 57.7815528319605
817 101.7 57.887779733033824
818 101.8 57.99408882395505
819 101.9 58.1004802742251
820 102.0 58.206954254622715
821 102.1 58.31351093721505
822 102.2 58.42015049536811
823 102.3 58.526873103757524
824 102.4 58.633678938379205
825 102.5 58.740568176560345
826 102.6 58.84754099697043
827 102.7 58.95459757963256
828 102.8 59.06173810593456
829 102.9 59.168962758640696
830 103.0 59.276271721903164
831 103.1 59.383665181273855
832 103.2 59.49114332371629
833 103.3 59.59870633761763
834 103.4 59.70635441280093
835 103.5 59.81408774053748
836 103.6 59.92190651355937
837 103.7 60.029810926072045
838 103.8 60.13780117376717
839 103.9 60.245877453835746
840 104.0 60.35403996498112
841 104.1 60.46228890743239
842 104.2 60.57062448295783
843 104.3 60.67904689487867
844 104.4 60.78755634808281
845 104.5 60.89615304903891
846 104.6 61.004837205810595
847 104.7 61.11360902807077
848 104.8 61.22246872711629
849 104.9 61.33141651588264
850 105.0 61.44045260895889
851 105.1 61.54957722260282
852 105.2 61.65879057475636
853 105.3 61.768092885060994
854 105.4 61.87748437487363
855 105.5 61.98696526728244
856 105.6 62.096535787123116
857 105.7 62.20619616099513
858 105.8 62.31594661727846
859 105.9 62.425787386150326
860 106.0 62.53571869960226
861 106.1 62.64574079145731
862 106.2 62.755853897387595
863 106.3 62.866058254932035
864 106.4 62.976354103514275
865 106.5 63.08674168446096
866 106.6 63.19722124102015
867 106.7 63.30779301838004
868 106.8 63.4184572636879
869 106.9 63.52921422606935
870 107.0 63.64006415664785
871 107.1 63.7510073085644
872 107.2 63.86204393699759
873 107.3 63.97317429918393
874 107.4 64.08439865443839
875 107.5 64.19571726417533
876 107.6 64.30713039192966
877 107.7 64.41863830337819
878 107.8 64.53024126636156
879 107.9 64.64193955090614
880 108.0 64.75373342924657
881 108.1 64.86562317584834
882 108.2 64.9776090674308
883 108.3 65.08969138299062
884 108.4 65.20187040382534
885 108.5 65.31414641355742
886 108.6 65.42651969815871
887 108.7 65.538990545975
888 108.8 65.65155924775118
889 108.9 65.76422609665671
890 109.0 65.87699138831135
891 109.1 65.98985542081141
892 109.2 66.1028184947562
893 109.3 66.21588091327514
894 109.4 66.32904298205504
895 109.5 66.44230500936783
896 109.6 66.55566730609875
897 109.7 66.66913018577499
898 109.8 66.78269396459466
899 109.9 66.89635896145624
900 110.0 67.01012549798848
901 110.1 67.12399389858079
902 110.2 67.23796449041396
903 110.3 67.35203760349151
904 110.4 67.46621357067144
905 110.5 67.58049272769836
906 110.6 67.69487541323636
907 110.7 67.80936196890221
908 110.8 67.923952739299
909 110.9 68.03864807205056
910 111.0 68.15344831783618
911 111.1 68.26835383042597
912 111.2 68.38336496671678
913 111.3 68.49848208676868
914 111.4 68.61370555384194
915 111.5 68.7290357344347
916 111.6 68.84447299832122
917 111.7 68.96001771859068
918 111.8 69.07567027168665
919 111.9 69.1914310374472
920 112.0 69.30730039914562
921 112.1 69.4232787435318
922 112.2 69.53936646087435
923 112.3 69.65556394500335
924 112.4 69.77187159335374
925 112.5 69.88828980700953
926 112.6 70.00481899074876
927 112.7 70.12145955308908
928 112.8 70.23821190633416
929 112.9 70.35507646662083
930 113.0 70.47205365396714
931 113.1 70.58914389232105
932 113.2 70.70634760961
933 113.3 70.82366523779147
934 113.4 70.94109721290413
935 113.5 71.05864397512005
936 113.6 71.17630596879785
937 113.7 71.29408364253652
938 113.8 71.41197744923045
939 113.9 71.52998784612521
940 114.0 71.64811529487443
941 114.1 71.76636026159758
942 114.2 71.88472321693885
943 114.3 72.00320463612698
944 114.4 72.12180499903624
945 114.5 72.24052479024839
946 114.6 72.35936449911588
947 114.7 72.47832461982603
948 114.8 72.59740565146646
949 114.9 72.7166080980917
950 115.0 72.83593246879096
951 115.1 72.9553792777572
952 115.2 73.0749490443574
953 115.3 73.19464229320413
954 115.4 73.31445955422846
955 115.5 73.43440136275429
956 115.6 73.55446825957385
957 115.7 73.67466079102495
958 115.8 73.79497950906928
959 115.9 73.91542497137246
960 116.0 74.03599774138561
961 116.1 74.15669838842831
962 116.2 74.27752748777321
963 116.3 74.39848562073237
964 116.4 74.5195733747451
965 116.5 74.64079134346757
966 116.6 74.76214012686427
967 116.7 74.88362033130103
968 116.8 75.00523256964007
969 116.9 75.1269774613368
970 117.0 75.2488556325386
971 117.1 75.37086771618557
972 117.2 75.49301435211319
973 117.3 75.61529618715726
974 117.4 75.73771387526061
975 117.5 75.86026807758246
976 117.6 75.98295946260949
977 117.7 76.1057887062695
978 117.8 76.22875649204737
979 117.9 76.35186351110332
980 118.0 76.47511046239372
981 118.1 76.59849805279437
982 118.2 76.72202699722638
983 118.3 76.84569801878465
984 118.4 76.96951184886916
985 118.5 77.09346922731905
986 118.6 77.21757090254945
987 118.7 77.34181763169137
988 118.8 77.46621018073456
989 118.9 77.59074932467351
990 119.0 77.71543584765654
991 119.1 77.84027054313827
992 119.2 77.96525421403544
993 119.3 78.09038767288611
994 119.4 78.21567174201242
995 119.5 78.34110725368707
996 119.6 78.46669505030347
997 119.7 78.5924359845498
998 119.8 78.71833091958693
999 119.9 78.84438072923052
1000 120.0 78.96951136067239
1001 120.1 79.25111919117808
1002 120.2 79.53105691330292
1003 120.3 79.80932452704691
1004 120.4 80.08592203241005
1005 120.5 80.36084942939235
1006 120.6 80.63410671799379
1007 120.7 80.90569389821438
1008 120.8 81.17561097005412
1009 120.9 81.44385793351302
1010 121.0 81.71043478859106
1011 121.1 81.97534153528825
1012 121.2 82.2385781736046
1013 121.3 82.5001447035401
1014 121.4 82.76004112509476
1015 121.5 83.01826743826855
1016 121.6 83.2748236430615
1017 121.7 83.5297097394736
1018 121.8 83.78292572750486
1019 121.9 84.03447160715525
1020 122.0 84.2843473784248
1021 122.1 84.53255304131349
1022 122.2 84.77908859582134
1023 122.3 85.02395404194834
1024 122.4 85.2671493796945
1025 122.5 85.50867460905981
1026 122.6 85.74852973004427
1027 122.7 85.98671474264786
1028 122.8 86.2232296468706
1029 122.9 86.4580744427125
1030 123.0 86.69124913017355
1031 123.1 86.92275370925375
1032 123.2 87.15258817995311
1033 123.3 87.38075254227162
1034 123.4 87.60724679620928
1035 123.5 87.83207094176609
1036 123.6 88.05522497894205
1037 123.7 88.27670890773716
1038 123.8 88.49652272815142
1039 123.9 88.71466644018483
1040 124.0 88.93114004383739
1041 124.1 89.1459435391091
1042 124.2 89.35907692599996
1043 124.3 89.57054020450997
1044 124.4 89.78033337463913
1045 124.5 89.98845643638744
1046 124.6 90.1949093897549
1047 124.7 90.39969223474151
1048 124.8 90.60280497134727
1049 124.9 90.80424759957218
1050 125.0 91.00402011941624
1051 125.1 91.20212253087945
1052 125.2 91.39855483396181
1053 125.3 91.59331702866332
1054 125.4 91.78640911498398
